0.0 100 100  
3.883622576401741E-6 99 101  
8.119113215224248E-5 98 102  
8.585736557664171E-5 97 103  
1.0125084165416673E-4 96 104  
1.1883801827210643E-4 95 105  
1.2913389235498477E-4 94 106  
2.0419568487475641E-4 93 107  
2.2428413158490204E-4 92 108  
2.50501330112894E-4 91 109  
2.835240474783081E-4 90 110  
3.139613562810794E-4 89 111  
3.4447964695640915E-4 88 112  
3.6948198773365714E-4 87 113  
4.0188630972959815E-4 86 114  
4.948040190157542E-4 85 115  
5.13806977841774E-4 84 116  
5.352756616546036E-4 83 117  
5.415379784983134E-4 82 118  
5.523000253799811E-4 81 119  
5.695114705908362E-4 80 120  
5.937257874367729E-4 79 121  
6.547787485964822E-4 78 122  
7.077504505476986E-4 77 123  
7.164957609249288E-4 76 124  
7.165594456686154E-4 75 125  
7.397652482637943E-4 74 126  
8.45595494932832E-4 73 127  
8.897235665812672E-4 72 128  
9.521363284432005E-4 71 129  
0.0010162336861895295 70 130  
0.0010232860263422845 69 131  
0.0010347303594160193 68 132  
0.001092716577839952 67 133  
0.001107506201600042 66 134  
0.0011675376252687733 65 135  
0.00124655057058164 64 136  
0.0013540185005600713 63 137  
0.0014120577313120502 62 138  
0.0014495153701909586 61 139  
0.0014689725992612444 60 140  
0.001469090930794015 59 141  
0.0015502034629664603 58 142  
0.0016198809180624886 57 143  
0.0016270882012939015 56 144  
0.0016430600731656346 55 145  
0.0016584867946336697 54 146  
0.0016811770021917284 53 147  
0.0018007581346770555 52 148  
0.00182572018658365 51 149  
0.001832427659850811 50 150  
0.0018501973541681588 49 151  
0.0018514946367950943 48 152  
0.0019109437267198662 47 153  
0.002032778419778919 46 154  
0.002130846267076365 45 155  
0.002150107264537904 44 156  
0.002244833401421714 43 157  
0.002260707374919838 42 158  
0.002308432173347254 41 159  
0.002397735869032295 40 160  
0.002412948839765856 39 161  
0.002419534472557589 38 162  
0.0024645991370355748 37 163  
0.0024950429127751604 36 164  
0.002527284540145548 35 165  
0.002591232337016841 34 166  
0.002611924321461448 33 167  
0.002801578306801073 32 168  
0.0029313308297796922 31 169  
0.0030936940227234604 30 170  
0.003166447764969243 29 171  
0.0031835926454861453 28 172  
0.0033720601498287437 27 173  
0.0034262518508289385 26 174  
0.003427667530979301 25 175  
0.0035013617650237897 24 176  
0.003575450135225727 23 177  
0.0035856373138003043 22 178  
0.003716609170125102 21 179  
0.00390841429364361 20 180  
0.003918987831692342 19 181  
0.0039757670466878635 18 182  
0.004038757455106461 17 183  
0.004236403828225746 16 184  
0.004301431150309032 15 185  
0.004323468620504414 14 186  
0.004485321109972396 13 187  
0.004497258603633552 12 188  
0.004550622708770835 11 189  
0.004960439779664784 10 190  
0.005659018077565844 9 191  
0.005718893972656975 8 192  
0.0059096166044728385 8 191  
0.006132452147054661 7 192  
0.006185866749305923 6 193  
0.006209629899860084 5 194  
0.0063817465716376675 4 195  
0.00642654540133848 3 196  
0.006445765033934965 2 197  
0.008445353301606666 1 198  
0.008453902871000325 0 199  
0.014009961507188062 0 198  
0.015471521551186286 0 197  
0.016096210256832052 0 196  
0.017811665909644343 0 195  
0.01787885039584281 0 194  
0.01990687275156552 0 193  
0.020369660041057794 0 192  
0.02363371144436067 0 191  
0.02653620122374133 0 190  
0.02658500531582334 0 189  
0.028445667456028004 0 188  
0.031306333101328764 0 187  
0.03155665293998575 0 186  
0.03498637778708917 0 185  
0.04139075926587023 0 184  
0.04876714117693654 0 183  
0.053153179045505 0 182  
0.05604604845817217 0 181  
0.058976618897289806 0 180  
0.06095472593663128 0 179  
0.0655976444756213 0 178  
0.07132262903067756 0 177  
0.07504307579884689 0 176  
0.08013591066130255 0 175  
0.08228564515891781 0 174  
0.08462256570471123 0 173  
0.08821862613595684 0 172  
0.09123480220563007 0 171  
0.0959944586060919 0 170  
0.09774207305895194 0 169  
0.10414800987749767 0 168  
0.10441719588229605 0 167  
0.11639220499788416 0 166  
0.1194906560499255 0 165  
0.11958864924992677 0 164  
0.12007610376835691 0 163  
0.12288279965165172 0 162  
0.1234571452890521 0 161  
0.12359732550450986 0 160  
0.12399343641949297 0 159  
0.12629505641482985 0 158  
0.13101937336939312 0 157  
0.13263975528811925 0 156  
0.13453300473410942 0 155  
0.14184684678427495 0 154  
0.14215393586922592 0 153  
0.1425630193116942 0 152  
0.14391556798372424 0 151  
0.1454071140042052 0 150  
0.14974912495997336 0 149  
0.15165552978061156 0 148  
0.15419520969596637 0 147  
0.15491476853196273 0 146  
0.16208740380360417 0 145  
0.1685321719515269 0 144  
0.17512454586463627 0 143  
0.17521198253950437 0 142  
0.17881396446779063 0 141  
0.18239227616045423 0 140  
0.18588235774062173 0 139  
0.19713485755205462 0 138  
0.2018310446889441 0 137  
0.2025968156315054 0 136  
0.2048814417574969 0 135  
0.20644625760444982 0 134  
0.2067123975686715 0 133  
0.21100080955610417 0 132  
0.21633461864087364 0 131  
0.22250784898585135 0 130  
0.22637565285587136 0 129  
0.2317371574901964 0 128  
0.2436550461038152 0 127  
0.24445974033221876 0 126  
0.25760041737505235 0 125  
0.2647518602021438 0 124  
0.2714976321559544 0 123  
0.27283095768907656 0 122  
0.28755594395026424 0 121  
0.29256280843178056 0 120  
0.3023994444829711 0 119  
0.3027773297204881 0 118  
0.3034718325183427 0 117  
0.3072664738287358 0 116  
0.3073865366557273 0 115  
0.3087874557954384 0 114  
0.3126520440907298 0 113  
0.3339062942558118 0 112  
0.33830111761827597 0 111  
0.34084606952821683 0 110  
0.34161815520488104 0 109  
0.3527660369999352 0 108  
0.3528251704796382 0 107  
0.3535771759324532 0 106  
0.362807402457375 0 105  
0.3696477502592116 0 104  
0.3804602660023897 0 103  
0.39298423798549104 0 102  
0.39585415766769155 0 101  
0.40145692571668434 0 100  
0.4082254883957313 0 99  
0.4085142062528251 0 98  
0.41171365628732576 0 97  
0.4133741878237393 0 96  
0.4179700672392681 0 95  
0.4208621857293223 0 94  
0.4236818380838246 0 93  
0.4247610264006763 0 92  
0.4254994899636424 0 91  
0.4262476365890697 0 90  
0.4341171164179128 0 89  
0.4430650123249802 0 88  
0.44625847407204244 0 87  
0.44961773746142586 0 86  
0.45712912158779767 0 85  
0.46787115666846285 0 84  
0.4683987461143517 0 83  
0.4717772590192228 0 82  
0.5002310873368985 0 81  
0.5015262945855132 0 80  
0.5048935318335727 0 79  
0.5177431149397986 0 78  
0.528387995721453 0 77  
0.5319393374814663 0 76  
0.5336789151171422 0 75  
0.5477083289915301 0 74  
0.5610870524919773 0 73  
0.5626658524887101 0 72  
0.5696217505900903 0 71  
0.5777015325113605 0 70  
0.5842024505176747 0 69  
0.5886710740356159 0 68  
0.595647771648942 0 67  
0.6014685932586606 0 66  
0.6018470232689057 0 65  
0.6114788299140312 0 64  
0.617515417739464 0 63  
0.6286497601525485 0 62  
0.6440954602491583 0 61  
0.6531820515491538 0 60  
0.6539829299505717 0 59  
0.7057161160806569 0 58  
0.7165573366953062 0 57  
0.7202822504037185 0 56  
0.747992648463967 0 55  
0.8165096765071252 0 54  
0.8265592670307698 0 53  
0.8332188469746895 0 52  
0.8369144725791963 0 51  
0.8480343440537331 0 50  
0.8501955908418006 0 49  
0.8539589390137565 0 48  
0.8575215774928658 0 47  
0.8639618079262572 0 46  
0.8912613227153207 0 45  
0.8941092132173678 0 44  
0.8999846851373764 0 43  
0.9054085715306264 0 42  
0.909529078336928 0 41  
0.914662428834608 0 40  
0.9322909948731167 0 39  
0.933141426396813 0 38  
0.9613120082419635 0 37  
0.9621206649625819 0 36  
0.9784243260694685 0 35  
0.9839065472679325 0 34  
1.0252875936466228 0 33  
1.026501814261236 0 32  
1.0416442471475928 0 31  
1.0461738489405166 0 30  
1.0488819679047245 0 29  
1.0563250606176275 0 28  
1.0624690414053253 0 27  
1.077425801906551 0 26  
1.0800633047633756 0 25  
1.0856187013435483 0 24  
1.1135727615690938 0 23  
1.1289886565684797 0 22  
1.1507725946343923 0 21  
1.1900418099498131 0 20  
1.1973469082270067 0 19  
1.213441522668401 0 18  
1.2254309710875102 0 17  
1.247088184655362 0 16  
1.318866656646251 0 15  
1.359969050395729 0 14  
1.3707013825283367 0 13  
1.3782756742398405 0 12  
1.4094050855794706 0 11  
1.4573496905117707 0 10  
1.4574095660769082 0 9  
1.6841922685426391 0 8  
1.7715181776823115 0 7  
1.8605525450656446 0 6  
2.0072367201474157 0 5  
2.0084311316234715 0 4  
2.0220618368891903 0 3  
2.2209962744892375 0 2  
2.364935542440982 0 1  
2.596882060715853 0 0  
