0.0 100 100  
1.3365814339080657E-5 99 101  
3.8462801584575055E-5 98 102  
8.66300603883191E-5 97 103  
1.0024960399214918E-4 96 104  
2.8249517564008235E-4 95 105  
2.9192167429986117E-4 94 106  
3.2815634824765025E-4 93 107  
3.69401076421405E-4 92 108  
3.8970585444709534E-4 91 109  
3.99008154332697E-4 90 110  
5.17295989122784E-4 89 111  
5.343119050819623E-4 88 112  
6.227881117270426E-4 87 113  
6.540665575926223E-4 86 114  
7.190324999896861E-4 85 115  
7.190636525831643E-4 84 116  
7.427802860273119E-4 83 117  
7.506980967160575E-4 82 118  
7.569062681920399E-4 81 119  
8.081498187893415E-4 80 120  
8.88598181213675E-4 79 121  
9.504075144605641E-4 78 122  
9.555158721340578E-4 77 123  
0.0010475294106944257 76 124  
0.0010628193449795196 75 125  
0.0010828395796569502 74 126  
0.0010848281762003541 73 127  
0.0011125689792616977 72 128  
0.0011133757367552581 71 129  
0.0011836698523411534 70 130  
0.001201981666563914 69 131  
0.0012957305818412695 68 132  
0.0013220659431537765 67 133  
0.001326381722319625 66 134  
0.0013521391301976147 65 135  
0.0013650817787107122 64 136  
0.0013741727955523715 63 137  
0.0013854973042802588 62 138  
0.001386343951461327 61 139  
0.001507058537974384 60 140  
0.0015504972604453652 59 141  
0.0015868490831156877 58 142  
0.0016056147811040285 57 143  
0.0016132928103590877 56 144  
0.0016734248743488253 55 145  
0.0017133556729166804 54 146  
0.0017787318920704238 53 147  
0.0018656296050347497 52 148  
0.001877340039090829 51 149  
0.001906309598359023 50 150  
0.0019999575593143905 49 151  
0.002014035569839475 48 152  
0.002092232059975616 47 153  
0.002146946520323646 46 154  
0.002170923395087229 45 155  
0.002184235837171603 44 156  
0.0022304066197684222 43 157  
0.0022567683447387707 42 158  
0.002284935239349169 41 159  
0.0024629214909432395 40 160  
0.0024714544408103627 39 161  
0.0025401734999669096 38 162  
0.002559222607168408 37 163  
0.0027326175294702165 36 164  
0.0027465381290787986 35 165  
0.0028516111182188657 34 166  
0.0028847026557225143 33 167  
0.002893864283022419 32 168  
0.003188152903872089 32 167  
0.0032547750885278297 31 168  
0.0033511257642766887 30 169  
0.0033530795936882528 29 170  
0.003401329343121953 28 171  
0.0035816307036456306 27 172  
0.003634096972544858 26 173  
0.0036593900563327156 25 174  
0.0037497382599581547 24 175  
0.0037615886580561453 23 176  
0.0038388589658743164 22 177  
0.0038833581338758322 21 178  
0.003970743662416346 20 179  
0.0039906527281706 20 178  
0.004005804733675663 19 179  
0.004008032402220116 18 180  
0.004073171637600774 17 181  
0.004144355162858654 16 182  
0.0042357988320593995 15 183  
0.004407815684749337 14 184  
0.004446062237046549 13 185  
0.004604531525172603 12 186  
0.004703900900423842 11 187  
0.0047782019820693505 10 188  
0.0048856891459407945 9 189  
0.004907900589073995 8 190  
0.005080233600228769 7 191  
0.005204402449481416 6 192  
0.0058105074139378435 5 193  
0.006248536211306713 4 194  
0.006326942313798184 3 195  
0.006366012217186209 2 196  
0.008552908721193637 1 197  
0.010881834276652671 0 198  
0.01308393033196397 0 197  
0.02529235616311536 0 196  
0.028287394496099447 0 195  
0.030807538314580264 0 194  
0.03143695150639178 0 193  
0.033269600911975554 0 192  
0.03510925149924708 0 191  
0.0383643120959363 0 190  
0.038702692432518934 0 189  
0.040581520521384376 0 188  
0.04191228207695258 0 187  
0.04376969255937502 0 186  
0.044003166516870626 0 185  
0.044301289294865674 0 184  
0.04476810083600379 0 183  
0.04477242436117795 0 182  
0.04537565709620681 0 181  
0.051246182350000224 0 180  
0.05205949000523657 0 179  
0.05782864078609504 0 178  
0.05820335257826243 0 177  
0.06054138860592645 0 176  
0.061297983638476564 0 175  
0.061409482834557994 0 174  
0.061875450738112354 0 173  
0.06202529887089095 0 172  
0.06623264161244487 0 171  
0.06647642810947244 0 170  
0.06788269104921983 0 169  
0.07233947147634688 0 168  
0.07289740103477882 0 167  
0.07450487918772197 0 166  
0.0762511506063461 0 165  
0.0772584032470059 0 164  
0.08025142457013197 0 163  
0.0822261768384904 0 162  
0.08505762178496037 0 161  
0.08841464233211166 0 160  
0.09023366861092949 0 159  
0.09474972576649453 0 158  
0.09753918278843139 0 157  
0.09883176279614965 0 156  
0.10043809504289056 0 155  
0.10463248509985877 0 154  
0.10545189681088978 0 153  
0.10602939691989936 0 152  
0.10941980689560513 0 151  
0.11533164995780705 0 150  
0.11926438184011114 0 149  
0.12151614914365987 0 148  
0.12474630272070619 0 147  
0.12496039618906808 0 146  
0.12664085016074939 0 145  
0.12713580274205974 0 144  
0.1277685196782505 0 143  
0.12954866355200842 0 142  
0.1307559249850206 0 141  
0.13512902530502532 0 140  
0.13716723906672623 0 139  
0.13946513232240873 0 138  
0.14093132086195861 0 137  
0.1486868797230419 0 136  
0.1489766335343603 0 135  
0.15265944173948914 0 134  
0.15477073093955918 0 133  
0.1564920746593088 0 132  
0.17019662035990948 0 131  
0.17125418485222496 0 130  
0.17657839263068054 0 129  
0.17943269751772462 0 128  
0.17987302673495564 0 127  
0.18789394328798725 0 126  
0.1891118480575666 0 125  
0.1906923537687232 0 124  
0.2068709758247882 0 123  
0.20822982608571636 0 122  
0.21910298038274953 0 121  
0.22213816465561972 0 120  
0.232674371729181 0 119  
0.2326847214961328 0 118  
0.23580297429417016 0 117  
0.23750731699729102 0 116  
0.24090621488074332 0 115  
0.24151602311847062 0 114  
0.24827126127319893 0 113  
0.24829518851053098 0 112  
0.24833858200979328 0 111  
0.2562193366907807 0 110  
0.2610343019544457 0 109  
0.27518151225412735 0 108  
0.2840353946624323 0 107  
0.2884375503602962 0 106  
0.28882100070623457 0 105  
0.2950796644382626 0 104  
0.30628143014915876 0 103  
0.3068323807188378 0 102  
0.31074082266472763 0 101  
0.3155409078664065 0 100  
0.317347822788648 0 99  
0.320980618632924 0 98  
0.32384181681398394 0 97  
0.3322841666478354 0 96  
0.336514828718107 0 95  
0.3380108384599676 0 94  
0.33829315793178427 0 93  
0.34081910567247803 0 92  
0.3443535623250843 0 91  
0.35322894807921795 0 90  
0.370870220895678 0 89  
0.3752101506500505 0 88  
0.3757206626400473 0 87  
0.3833364837426031 0 86  
0.3909165440363995 0 85  
0.39448492103089794 0 84  
0.4022285694660222 0 83  
0.40327180743358504 0 82  
0.409125570402518 0 81  
0.4093066874263506 0 80  
0.4109178956564391 0 79  
0.42124047675284887 0 78  
0.42725091535678783 0 77  
0.4403731808593846 0 76  
0.4438810054090633 0 75  
0.46218872323193105 0 74  
0.467758812552826 0 73  
0.4707734453930478 0 72  
0.47206539366073275 0 71  
0.5063814061402171 0 70  
0.5191541523901448 0 69  
0.5237073298349934 0 68  
0.5241710364449002 0 67  
0.5355917080933624 0 66  
0.5367066865510137 0 65  
0.5417135059105648 0 64  
0.5501884664574149 0 63  
0.5555969864866861 0 62  
0.5601803721805241 0 61  
0.5627620070105934 0 60  
0.5882319286985979 0 59  
0.5947796973614099 0 58  
0.598018201487619 0 57  
0.600147360654845 0 56  
0.6068852982868795 0 55  
0.6135004406459146 0 54  
0.6245001508269404 0 53  
0.6245623485293686 0 52  
0.6489514365526521 0 51  
0.6505076596828646 0 50  
0.6609892105369182 0 49  
0.6865282065703083 0 48  
0.686558261316056 0 47  
0.6870514994205293 0 46  
0.7048274288142259 0 45  
0.7063167708076838 0 44  
0.7115115292599961 0 43  
0.7251290191654498 0 42  
0.7266558752340812 0 41  
0.74106191397248 0 40  
0.7495914487556499 0 39  
0.7648649940364086 0 38  
0.7832139162795282 0 37  
0.8027389192077901 0 36  
0.8235546007665494 0 35  
0.8466817208494257 0 34  
0.8538896510528711 0 33  
0.8591902860190439 0 32  
0.879596494226912 0 31  
0.8940024451968033 0 30  
0.9128640880725359 0 29  
0.9218650109167347 0 28  
0.9269017242498173 0 27  
0.9276024550428684 0 26  
0.9357633577654532 0 25  
0.9367827128017581 0 24  
0.9460992899804596 0 23  
0.9578241851587845 0 22  
0.961221697623332 0 21  
0.9672228802585194 0 20  
1.006324333995116 0 19  
1.1195028667053768 0 18  
1.12033681546833 0 17  
1.1362993198279074 0 16  
1.156664278849083 0 15  
1.160579873735164 0 14  
1.324734836135429 0 13  
1.339992407922292 0 12  
1.3657135950332921 0 11  
1.3753641010193252 0 10  
1.3869852397798441 0 9  
1.3913403085904914 0 8  
1.456255577554694 0 7  
1.5828974667211404 0 6  
1.7339838113640198 0 5  
1.7932598900077334 0 4  
1.8855703253123155 0 3  
1.9143285057261314 0 2  
1.986324835482322 0 1  
2.4402579109614897 0 0  
