0.0 100 100  
3.6517370542845494E-5 99 101  
6.18051737203442E-5 98 102  
9.979536467941648E-5 97 103  
1.50652470934601E-4 96 104  
2.1276187385731721E-4 95 105  
2.1425845434218743E-4 94 106  
2.156289377813178E-4 93 107  
2.525366206635905E-4 92 108  
3.1118727085409E-4 91 109  
3.1210344131090507E-4 90 110  
3.7261338879659967E-4 89 111  
3.823387372346481E-4 88 112  
4.068935493164004E-4 87 113  
4.444010925265305E-4 86 114  
4.650369499757585E-4 85 115  
4.978574516187099E-4 84 116  
5.050819484916555E-4 83 117  
5.202536865733763E-4 82 118  
5.404200441356345E-4 81 119  
5.80637720305686E-4 80 120  
6.410523192395253E-4 79 121  
6.745609456663139E-4 78 122  
6.793543090906476E-4 77 123  
7.211677922410648E-4 76 124  
7.335544214991368E-4 75 125  
7.867217528687498E-4 74 126  
7.93410031447901E-4 73 127  
8.514282303658181E-4 72 128  
8.882935640587444E-4 71 129  
9.331496164937227E-4 70 130  
9.475417472277739E-4 69 131  
0.0010231183204620156 68 132  
0.0010641333427280116 67 133  
0.0010661335348951999 66 134  
0.0010709335554575435 65 135  
0.0010746829933850305 64 136  
0.0010947966652952855 63 137  
0.0011260732628312917 62 138  
0.0011663261371680695 61 139  
0.0012132690535850553 60 140  
0.001258047852162783 59 141  
0.001291302699154556 58 142  
0.0014946697607593497 57 143  
0.0016199374392749074 56 144  
0.0016302370011288475 55 145  
0.0016363035164540603 54 146  
0.0017462714041774207 53 147  
0.0017715641153111855 52 148  
0.0017905134351645468 51 149  
0.0017906906766209704 50 150  
0.001859665554775398 49 151  
0.0018610757199628456 48 152  
0.0018658818838922782 47 153  
0.0019013015609002887 46 154  
0.0019239188701840589 45 155  
0.0019989879069976075 44 156  
0.0020001599897256465 43 157  
0.002045344562795463 42 158  
0.0021062292910711817 41 159  
0.00212063323480825 40 160  
0.0022764614732279985 39 161  
0.0023317888898619753 38 162  
0.002345052962520794 37 163  
0.0023508229494657493 36 164  
0.002421638167022385 35 165  
0.0024578492842181033 34 166  
0.002459981228457779 33 167  
0.00247039044469747 32 168  
0.002578020664161646 31 169  
0.00264653063349899 30 170  
0.002655761684435509 29 171  
0.002705798285421543 28 172  
0.002813967134528943 27 173  
0.00284582249860279 26 174  
0.0028663871435134756 25 175  
0.002916129874583416 24 176  
0.0029626328192844126 23 177  
0.0030474398768218576 22 178  
0.00311219885611379 21 179  
0.003188364573983798 20 180  
0.003203349288603249 19 181  
0.0034479047161742 18 182  
0.003536133175184416 17 183  
0.00353923806575212 16 184  
0.003557317582500089 15 185  
0.00368980041451759 14 186  
0.0037634559730257947 13 187  
0.003928851812467873 12 188  
0.004490245039895796 11 189  
0.004552066692965309 11 188  
0.004795847954110627 10 189  
0.004853697253060805 9 190  
0.005048005078448332 8 191  
0.005077779525122456 7 192  
0.005136289213340601 6 193  
0.00517887591736953 5 194  
0.00519172105728699 4 195  
0.005787533673843875 3 196  
0.00650848864212414 2 197  
0.007025130473459236 1 198  
0.007591789431975595 0 199  
0.008256265198016546 0 198  
0.011910053699562141 0 197  
0.01223722618490438 0 196  
0.015920695728083772 0 195  
0.017305999315514138 0 194  
0.01905396858355046 0 193  
0.019510382894836847 0 192  
0.020990635881202462 0 191  
0.02778152993798992 0 190  
0.0318727407856806 0 189  
0.03204180806094633 0 188  
0.03565748356941135 0 187  
0.03628998283761223 0 186  
0.036649383638655345 0 185  
0.0375393034744789 0 184  
0.03967739579285694 0 183  
0.042673252914930314 0 182  
0.04354627039921536 0 181  
0.045578170009026114 0 180  
0.04705813198483805 0 179  
0.04918051951107081 0 178  
0.05144603458785313 0 177  
0.05335594830595423 0 176  
0.053385623961360325 0 175  
0.05688445956715435 0 174  
0.057549514179922864 0 173  
0.062267006117306276 0 172  
0.0716879747543078 0 171  
0.07179707578822125 0 170  
0.07449410154723043 0 169  
0.0795151996049204 0 168  
0.08256180437066726 0 167  
0.0901952704245006 0 166  
0.09094956211674791 0 165  
0.09405876003065401 0 164  
0.0986586766212662 0 163  
0.10535463569412837 0 162  
0.1069779525997025 0 161  
0.10741893105560368 0 160  
0.11076391643858553 0 159  
0.11214404458079111 0 158  
0.11703605615060456 0 157  
0.11851284818925399 0 156  
0.1185224727551741 0 155  
0.11852677378366873 0 154  
0.11937964896963296 0 153  
0.11965617607394144 0 152  
0.12119138070086985 0 151  
0.13010282111954488 0 150  
0.14439522529334625 0 149  
0.14628583822907723 0 148  
0.15589410503067685 0 147  
0.15773468083957856 0 146  
0.15869955560097107 0 145  
0.1663061640606156 0 144  
0.166797926251943 0 143  
0.16703110714729696 0 142  
0.16740396981865663 0 141  
0.16803573447319034 0 140  
0.1701320345653323 0 139  
0.17060196915918982 0 138  
0.17178277105415377 0 137  
0.1765921029389043 0 136  
0.1773288068293763 0 135  
0.17768628432274472 0 134  
0.18019173469163852 0 133  
0.18107638246386815 0 132  
0.18375664995425373 0 131  
0.19290354182935177 0 130  
0.19580804604965923 0 129  
0.19876348147121614 0 128  
0.2007853240656269 0 127  
0.20661675498662208 0 126  
0.20943300764369865 0 125  
0.20947805087906543 0 124  
0.21404499481929407 0 123  
0.214527723769763 0 122  
0.2192242541221509 0 121  
0.22106982944567655 0 120  
0.22144060754516784 0 119  
0.22280443757813553 0 118  
0.2253664428264464 0 117  
0.22624774095443737 0 116  
0.22643788047650854 0 115  
0.22793175975115954 0 114  
0.24653302536686034 0 113  
0.2534606266148194 0 112  
0.2541480307599769 0 111  
0.25641711954578617 0 110  
0.26302974495597825 0 109  
0.2705404855888874 0 108  
0.2798512773161946 0 107  
0.2808792807944385 0 106  
0.28196184531783464 0 105  
0.29352697548035767 0 104  
0.29678990632956614 0 103  
0.30863784638584785 0 102  
0.3311383173435831 0 101  
0.33993343390892583 0 100  
0.34082923509108437 0 99  
0.3455982859659384 0 98  
0.34938820203285526 0 97  
0.3585320088345599 0 96  
0.361918617330266 0 95  
0.36425767679150034 0 94  
0.36554935655526943 0 93  
0.36703509096448134 0 92  
0.37529332324377584 0 91  
0.38648343367148463 0 90  
0.3948959925347957 0 89  
0.4057262487113293 0 88  
0.410089122399993 0 87  
0.41525469195260695 0 86  
0.4153072230017762 0 85  
0.42090813096772656 0 84  
0.4293416208472972 0 83  
0.43055435681927645 0 82  
0.43673609287407167 0 81  
0.4448117444208552 0 80  
0.4495278022321189 0 79  
0.46616893746664845 0 78  
0.4664909292825963 0 77  
0.4677587156395109 0 76  
0.4680452573975295 0 75  
0.46841956568131393 0 74  
0.4740700848200961 0 73  
0.47998246365049346 0 72  
0.4837738322089084 0 71  
0.49352988050950836 0 70  
0.5193984960550511 0 69  
0.5262326649406076 0 68  
0.5405223338108528 0 67  
0.5444051810848239 0 66  
0.554664333663398 0 65  
0.5590791020772568 0 64  
0.5608798069611681 0 63  
0.5755718392719533 0 62  
0.5770341587076072 0 61  
0.5779515968390198 0 60  
0.5803445737490944 0 59  
0.5823837441231781 0 58  
0.584466636770895 0 57  
0.5911946057454027 0 56  
0.5943492588104795 0 55  
0.6132771104168813 0 54  
0.6192561436544237 0 53  
0.6251277541919736 0 52  
0.6354145436383407 0 51  
0.6497997822312971 0 50  
0.6925232163486232 0 49  
0.7053266857884993 0 48  
0.7206772392857685 0 47  
0.7355022930950447 0 46  
0.7367049689653451 0 45  
0.7397343900716452 0 44  
0.7477695253341342 0 43  
0.7712944698623344 0 42  
0.7926406680264182 0 41  
0.8044687241882972 0 40  
0.8065469484001984 0 39  
0.8267248351735866 0 38  
0.8289089924521484 0 37  
0.832144247114096 0 36  
0.834833918187998 0 35  
0.8454588003931721 0 34  
0.8455917910566424 0 33  
0.8587024464457246 0 32  
0.8767034179448414 0 31  
0.9233330088536625 0 30  
0.937008986124162 0 29  
0.9580025098123538 0 28  
0.9913878985712381 0 27  
0.9922670389905704 0 26  
0.9958553813685944 0 25  
1.0026059905758378 0 24  
1.0077636081426393 0 23  
1.0219280829466626 0 22  
1.0346849618263532 0 21  
1.050688354149596 0 20  
1.0522570568718566 0 19  
1.0724338408938627 0 18  
1.0772627159928068 0 17  
1.1146010015263363 0 16  
1.1218085531372333 0 15  
1.1949588078493856 0 14  
1.332438737511219 0 13  
1.3495245363138662 0 12  
1.3511953001181891 0 11  
1.3594182923623641 0 10  
1.3933609212291622 0 9  
1.5202686980009072 0 8  
1.5525395828629767 0 7  
1.7498415891552408 0 6  
1.8250947352316973 0 5  
1.908969298335197 0 4  
1.9136216144674794 0 3  
2.1867061765247393 0 2  
2.464971323327829 0 1  
2.729575254110447 0 0  
