0.0 100 100  
1.5981431743309976E-5 99 101  
2.1232805908186796E-5 98 102  
5.7067844341503765E-5 97 103  
1.4145944443221382E-4 96 104  
2.468674180105604E-4 95 105  
2.547383492762193E-4 95 104  
2.6834992991328616E-4 96 104  
2.867705622837815E-4 95 105  
2.964365691106022E-4 94 106  
4.3083091758274426E-4 93 107  
4.383487777725372E-4 92 108  
5.15186162607107E-4 91 109  
5.32137650154855E-4 90 110  
5.339525192288375E-4 89 111  
6.067228660283858E-4 88 112  
6.349035333417222E-4 87 113  
6.494702346089455E-4 86 114  
6.508426026407122E-4 85 115  
6.791293263443654E-4 84 116  
7.293206081458133E-4 83 117  
7.464084208068986E-4 82 118  
7.54518947908373E-4 81 119  
7.635630581935987E-4 80 120  
7.710518139085071E-4 79 121  
8.425630237729124E-4 78 122  
8.584761569901764E-4 77 123  
8.760708847795606E-4 76 124  
8.967343140766029E-4 75 125  
9.180249794066498E-4 74 126  
9.21865594177011E-4 73 127  
9.608431038832997E-4 72 128  
0.0010877513553188543 71 129  
0.0011158514510184543 70 130  
0.0011175674341140321 69 131  
0.0011951362472407499 68 132  
0.0012913556112994183 67 133  
0.0013011972626337462 66 134  
0.0013645321912275966 65 135  
0.0014720255332627019 64 136  
0.0014977448848216865 63 137  
0.0015118309708478123 62 138  
0.0015193606516900131 61 139  
0.0015566082123938633 60 140  
0.0015588780716318416 59 141  
0.0015755644682444582 58 142  
0.001590490108665225 57 143  
0.001646340899844354 56 144  
0.0017255701293401597 55 145  
0.0018630178067454972 54 146  
0.0018769124594732556 53 147  
0.001895907225911639 52 148  
0.0020956943534809085 51 149  
0.0021377992363921434 50 150  
0.002161081142591946 49 151  
0.0021633640911529715 48 152  
0.002166293040081328 47 153  
0.0021702538162278917 46 154  
0.002237531692728408 45 155  
0.0023591158949504806 44 156  
0.002388816211118297 43 157  
0.002511306103769522 42 158  
0.0027373057860618196 41 159  
0.0027451335665173485 40 160  
0.0028871238690409973 39 161  
0.0030966737601151716 38 162  
0.003126211162174627 37 163  
0.003187683894133858 36 164  
0.003192333937470125 35 165  
0.003261853780481512 34 166  
0.00337689864387851 33 167  
0.0034279780067032212 32 168  
0.003463405843058621 31 169  
0.0035227413373880405 30 170  
0.0035391539978431915 29 171  
0.0035784479985465716 28 172  
0.003591522487574494 27 173  
0.0035957957957655157 26 174  
0.003620539198146157 25 175  
0.003641734840389247 24 176  
0.003698158270379039 23 177  
0.0037678462435169285 22 178  
0.003886538284199696 21 179  
0.004006350492121136 20 180  
0.004006676569133809 19 181  
0.004153891835762667 18 182  
0.004164862370499342 17 183  
0.004205240908069867 16 184  
0.004436203080902363 15 185  
0.004568958051180248 14 186  
0.004589468550281286 13 187  
0.0047110249197672305 12 188  
0.004754892301246988 11 189  
0.005035212478697187 10 190  
0.005331465965483429 9 191  
0.005673349530775066 8 192  
0.005760642608330103 7 193  
0.006012838715950242 6 194  
0.006105015792591678 5 195  
0.006287031326980449 4 196  
0.006413107264553377 3 197  
0.006489338938513767 2 198  
0.00681752768019034 1 199  
0.006967274974194366 0 200  
0.010222136190657292 0 199  
0.01069061269357862 0 198  
0.013922757501390139 0 197  
0.019156096396782424 0 196  
0.02005626184531311 0 195  
0.022587446231154884 0 194  
0.023267046580898957 0 193  
0.024271197309502623 0 192  
0.024841757705259898 0 191  
0.030312336544555077 0 190  
0.031786976613920756 0 189  
0.032104010129415834 0 188  
0.03463425344227111 0 187  
0.04545025581567086 0 186  
0.04973250489010119 0 185  
0.05270069582195106 0 184  
0.05736794690364555 0 183  
0.059526692778817426 0 182  
0.06169397933415644 0 181  
0.06472625879392921 0 180  
0.06937001922654412 0 179  
0.07129108863234875 0 178  
0.07143041411250196 0 177  
0.07356228960787822 0 176  
0.0764844978641776 0 175  
0.07777639662018587 0 174  
0.08057628079804058 0 173  
0.0819280882233255 0 172  
0.08200756294067449 0 171  
0.08201220953718072 0 170  
0.0826305351506103 0 169  
0.08278195632726291 0 168  
0.08409481690111603 0 167  
0.08741353569777119 0 166  
0.09338297026319793 0 165  
0.09826744687524305 0 164  
0.09827430789081824 0 163  
0.10138085312250457 0 162  
0.10508807473298695 0 161  
0.11459616235162239 0 160  
0.11806235741477346 0 159  
0.11879902162399328 0 158  
0.12268350861172098 0 157  
0.12928619684205472 0 156  
0.13239348983031812 0 155  
0.13308625648738293 0 154  
0.13662980087826956 0 153  
0.13690464473975342 0 152  
0.1415381116641415 0 151  
0.1428117909690527 0 150  
0.14511394492462434 0 149  
0.1451692885259312 0 148  
0.15466339014738978 0 147  
0.15492930331400906 0 146  
0.15976308956608745 0 145  
0.16215043442698082 0 144  
0.1641457551765305 0 143  
0.16896363653670765 0 142  
0.16960341938792953 0 141  
0.17067976918341207 0 140  
0.1706884555294929 0 139  
0.17146084089152547 0 138  
0.17350649673087093 0 137  
0.17488205918506464 0 136  
0.17490546684296762 0 135  
0.1749392807600998 0 134  
0.17553379634365834 0 133  
0.1759364774774556 0 132  
0.1867567620128525 0 131  
0.18832015931440674 0 130  
0.1891299006421869 0 129  
0.1921147292688168 0 128  
0.19860295056398072 0 127  
0.20109112853791644 0 126  
0.2011093726504034 0 125  
0.20126405459643062 0 124  
0.2019430988992681 0 123  
0.20895353822062873 0 122  
0.22376614296171565 0 121  
0.22796624835349458 0 120  
0.2279937710719996 0 119  
0.23158522334353687 0 118  
0.2340334860122073 0 117  
0.23443559382117987 0 116  
0.2378698584527394 0 115  
0.24070480657355375 0 114  
0.2408547549326036 0 113  
0.24524164895998804 0 112  
0.24588607105570942 0 111  
0.2570175102354239 0 110  
0.2619164448434131 0 109  
0.26804582549532013 0 108  
0.2688318860091809 0 107  
0.27024049035264236 0 106  
0.27944832026539723 0 105  
0.28713269897955057 0 104  
0.28948898322414934 0 103  
0.28961335771666025 0 102  
0.291495324915451 0 101  
0.29170975089258167 0 100  
0.29639454073402666 0 99  
0.2965798593615366 0 98  
0.315470159447574 0 97  
0.31881239955447876 0 96  
0.32586278572133887 0 95  
0.3265179851853932 0 94  
0.3298406748681853 0 93  
0.3447059316149762 0 92  
0.34635164506142996 0 91  
0.3489127298593363 0 90  
0.3562544037026918 0 89  
0.35906543903010263 0 88  
0.3613246793068171 0 87  
0.3623783605952016 0 86  
0.36384290419831017 0 85  
0.3781438836485698 0 84  
0.40118907824549704 0 83  
0.40371609008474274 0 82  
0.40657117906663354 0 81  
0.4117997483157792 0 80  
0.41922759791877723 0 79  
0.4194164550736037 0 78  
0.4205515513163716 0 77  
0.4265061792962089 0 76  
0.43894910879783594 0 75  
0.44635353277568723 0 74  
0.4782670334701482 0 73  
0.4890365406056209 0 72  
0.5025941886873049 0 71  
0.5074354610658096 0 70  
0.5131854196009522 0 69  
0.545633710583508 0 68  
0.5487828228982907 0 67  
0.5595331483011509 0 66  
0.5612397581980547 0 65  
0.5616042861703531 0 64  
0.564111205151364 0 63  
0.5696429918143318 0 62  
0.5979447952519247 0 61  
0.6002939632108277 0 60  
0.6112461797053225 0 59  
0.615933932312844 0 58  
0.6240982398142456 0 57  
0.6312039161900502 0 56  
0.6326329046164544 0 55  
0.6506089701191202 0 54  
0.6796106172048177 0 53  
0.6848600482300974 0 52  
0.6951429658304611 0 51  
0.6987975707732322 0 50  
0.7041260164220122 0 49  
0.7070012447123213 0 48  
0.7194313291784901 0 47  
0.7226537211599561 0 46  
0.7355587305030933 0 45  
0.7426474126520154 0 44  
0.747108613934803 0 43  
0.7534166604046518 0 42  
0.7671235610552505 0 41  
0.7854244411847395 0 40  
0.789673363293234 0 39  
0.796035509645544 0 38  
0.826685304540034 0 37  
0.8326242431414568 0 36  
0.8468898601819728 0 35  
0.8494393306318985 0 34  
0.8534417769363121 0 33  
0.8637140765955514 0 32  
0.877213095947328 0 31  
0.8858732876495247 0 30  
0.8943789538308047 0 29  
0.8995605183817302 0 28  
0.9032596161448235 0 27  
0.9381671193984422 0 26  
0.9400890831814827 0 25  
0.9865899758717471 0 24  
0.9878051139619384 0 23  
0.9926713588729731 0 22  
0.9941508438229549 0 21  
0.9959017245434465 0 20  
1.1193822226265036 0 19  
1.1415625447903446 0 18  
1.2065003875012486 0 17  
1.231155630809958 0 16  
1.2625415915732232 0 15  
1.3877881168526258 0 14  
1.3923557138652105 0 13  
1.4360861253040786 0 12  
1.4585379668422644 0 11  
1.549773766962665 0 10  
1.6683830968594067 0 9  
1.7061149009959937 0 8  
1.7180559151166823 0 7  
1.749819297402251 0 6  
2.137156595366913 0 5  
2.3024017961288625 0 4  
2.422702438411636 0 3  
2.600136631974387 0 2  
2.6809725692047097 0 1  
2.931899666093407 0 0  
