0.0 100 100  
5.733092542910119E-5 99 101  
7.360758445243022E-5 98 102  
7.949411176458876E-5 97 103  
9.594812032340046E-5 96 104  
1.4056092884638747E-4 95 105  
1.8357252001192586E-4 94 106  
2.0981181688942266E-4 93 107  
2.5262035237654093E-4 92 108  
2.6961076908159354E-4 91 109  
2.876005443537109E-4 90 110  
2.92877999584346E-4 89 111  
3.367038878671499E-4 88 112  
3.9633857088214124E-4 87 113  
4.6581638650965764E-4 86 114  
5.657539783761478E-4 85 115  
5.858495268181788E-4 84 116  
6.229510884849366E-4 83 117  
6.759075392012018E-4 82 118  
7.003041519011446E-4 81 119  
7.119493442586693E-4 80 120  
8.084168997450113E-4 79 121  
8.135216661843674E-4 78 122  
8.409549674754445E-4 77 123  
8.492601016764342E-4 76 124  
8.580583222084148E-4 75 125  
8.705743640026092E-4 74 126  
9.20733373811182E-4 73 127  
9.600943287588411E-4 73 126  
9.885714918017308E-4 72 127  
9.911717742199949E-4 71 128  
0.0011027317976322075 70 129  
0.001134147890502531 69 130  
0.00114031980686972 68 131  
0.0012076551192930218 67 132  
0.0012315946511959098 66 133  
0.0012960215887686869 65 134  
0.0013461781170392769 64 135  
0.001362216382021477 64 134  
0.0013986015906545669 63 135  
0.0014760673423557915 62 136  
0.0015374960348918051 61 137  
0.0015913291866597723 60 138  
0.0015919155112405377 59 139  
0.0015945167228328186 58 140  
0.0016375347840596746 57 141  
0.0016815053613990789 56 142  
0.0016825157607182916 55 143  
0.0016891303772223806 54 144  
0.0017887267839736952 53 145  
0.0019988054751555917 52 146  
0.0020339093069348647 51 147  
0.002045568443299033 50 148  
0.0020626069526573044 49 149  
0.002066961438507805 48 150  
0.002086354148206842 47 151  
0.0021078723142377103 46 152  
0.002193326299101543 45 153  
0.0022593781993204454 44 154  
0.002282282410843967 43 155  
0.0022997829899284957 42 156  
0.002379871630816774 41 157  
0.002384271154851715 40 158  
0.0024867417875460026 39 159  
0.0025376140777037402 38 160  
0.0025636335632925147 37 161  
0.002572504223055553 36 162  
0.0026030752430543976 35 163  
0.0026055554766797953 34 164  
0.002622569619164071 33 165  
0.0026608471312508167 32 166  
0.0029040969060599203 31 167  
0.0029772623356433595 30 168  
0.003008099506763545 29 169  
0.0030285060755084084 28 170  
0.0030746439216552094 27 171  
0.0031579785593005474 26 172  
0.0031977126023862573 25 173  
0.0032218378514685293 24 174  
0.003336205533751949 23 175  
0.0034007154646579813 22 176  
0.0034336402837752546 21 177  
0.0035250406327309797 20 178  
0.0036232175651193174 19 179  
0.0037185412156848377 18 180  
0.003786010440789242 17 181  
0.003797309283608587 16 182  
0.003822360861577711 15 183  
0.0038796216431917934 14 184  
0.003971591770479552 13 185  
0.004391041940634772 12 186  
0.004572153483851833 11 187  
0.004678575388759009 10 188  
0.004783022537360368 9 189  
0.004883152050349156 8 190  
0.005054122897604593 7 191  
0.005099480953441367 6 192  
0.0052935707433471035 5 193  
0.005467791834499161 4 194  
0.005975261850928286 3 195  
0.006169153075313903 2 196  
0.006516153950264672 1 197  
0.00659928261647883 1 196  
0.008202907600337483 0 197  
0.008537650777700792 0 196  
0.01391121897264632 0 195  
0.01514500690191554 0 194  
0.015507839117303529 0 193  
0.0182261635424132 0 192  
0.019267423438600922 0 191  
0.02274919569727428 0 190  
0.024922887621408152 0 189  
0.026021871465997198 0 188  
0.027778546131374125 0 187  
0.03247617614712355 0 186  
0.03523085701658105 0 185  
0.036799559234290076 0 184  
0.0378737466140819 0 183  
0.03846556035233012 0 182  
0.04059085956120818 0 181  
0.043299876530984716 0 180  
0.043437426100516645 0 179  
0.04348453725211549 0 178  
0.04475869385536804 0 177  
0.04786713315985666 0 176  
0.05007921215273118 0 175  
0.05390671061333986 0 174  
0.054041378002649486 0 173  
0.05474418584913203 0 172  
0.05630491716999143 0 171  
0.05819473193691501 0 170  
0.0608224228081746 0 169  
0.06391330142557672 0 168  
0.07159938538682067 0 167  
0.07977079921418544 0 166  
0.09166446035616997 0 165  
0.09697239859015537 0 164  
0.10173542241723227 0 163  
0.10571550052648229 0 162  
0.11808484398034678 0 161  
0.11934784626185835 0 160  
0.1230947163726638 0 159  
0.12586673572866644 0 158  
0.13292699529046506 0 157  
0.1347301471784913 0 156  
0.1351943564557271 0 155  
0.14440188092962364 0 154  
0.14746998397391364 0 153  
0.15003521970634007 0 152  
0.15131741665800094 0 151  
0.15566697730171875 0 150  
0.15757960863924084 0 149  
0.16022267556355924 0 148  
0.16117422309794902 0 147  
0.1615301484766029 0 146  
0.1656401860176801 0 145  
0.16821404618445976 0 144  
0.16868319568769097 0 143  
0.1765505793319656 0 142  
0.18036097714661015 0 141  
0.19229849704537347 0 140  
0.19350619027544136 0 139  
0.19548751376609513 0 138  
0.19597416688457897 0 137  
0.19823283761616603 0 136  
0.22086792744009914 0 135  
0.24001003749744376 0 134  
0.2467190853470867 0 133  
0.2478095342194216 0 132  
0.2539013489140051 0 131  
0.2546706937543537 0 130  
0.25491777082679756 0 129  
0.26062563238556724 0 128  
0.2665121449761977 0 127  
0.2700456426986753 0 126  
0.27584616281749136 0 125  
0.27784211711579354 0 124  
0.2802694322993473 0 123  
0.2808124084071004 0 122  
0.28221384962561624 0 121  
0.28391286385586384 0 120  
0.28512296883468863 0 119  
0.28734843851231767 0 118  
0.29526379532502695 0 117  
0.29762131117665114 0 116  
0.2978680641143498 0 115  
0.29840991315337434 0 114  
0.298624184780482 0 113  
0.2986779716307561 0 112  
0.3080789297835503 0 111  
0.3096257971057286 0 110  
0.31069414953352914 0 109  
0.3273781367025019 0 108  
0.33176424276991057 0 107  
0.3387945553455105 0 106  
0.3419790211705693 0 105  
0.34204194633349994 0 104  
0.34724023071344956 0 103  
0.34730712124731833 0 102  
0.35568719380840524 0 101  
0.3749112953937285 0 100  
0.37760493975664894 0 99  
0.3785031759188585 0 98  
0.37895504871755376 0 97  
0.3793829832211681 0 96  
0.38771349247201076 0 95  
0.39362175506826463 0 94  
0.3957638023381578 0 93  
0.3961047670103837 0 92  
0.3996350751045992 0 91  
0.40845590524709463 0 90  
0.41258381483627243 0 89  
0.41646637032262085 0 88  
0.41651215719313417 0 87  
0.4206868839373533 0 86  
0.42077745908488345 0 85  
0.42280833562865955 0 84  
0.43194870819819187 0 83  
0.43776630681573964 0 82  
0.43781000538237624 0 81  
0.4406220082419643 0 80  
0.447646826459008 0 79  
0.4510220272357585 0 78  
0.45209289105462086 0 77  
0.454875365408168 0 76  
0.45619030682252265 0 75  
0.4622658517866337 0 74  
0.48155650454194376 0 73  
0.4895688617304946 0 72  
0.49119966704360213 0 71  
0.49508232211560066 0 70  
0.5024307401294675 0 69  
0.5049116052732204 0 68  
0.5200553497796478 0 67  
0.5211877028748205 0 66  
0.5254301603495826 0 65  
0.5272470895576167 0 64  
0.5296748627086489 0 63  
0.5304203359365388 0 62  
0.5413593270245303 0 61  
0.546149578944304 0 60  
0.561009206665445 0 59  
0.5673233166654119 0 58  
0.5680614322985894 0 57  
0.5684237095692786 0 56  
0.5799141310462405 0 55  
0.5846739028284706 0 54  
0.5866399941052568 0 53  
0.5880187916959505 0 52  
0.5974982874332191 0 51  
0.6262771262155264 0 50  
0.626746702919654 0 49  
0.6336389101812897 0 48  
0.6418622475398944 0 47  
0.6529973809612026 0 46  
0.6545537133020629 0 45  
0.6581311210816273 0 44  
0.66461457781672 0 43  
0.7048525824851445 0 42  
0.7085427608973305 0 41  
0.7232258919646308 0 40  
0.7618938986315551 0 39  
0.769616890144608 0 38  
0.7808061994995356 0 37  
0.8422494768470211 0 36  
0.8465648612758417 0 35  
0.8545063237606697 0 34  
0.8611711935138782 0 33  
0.8999249045837323 0 32  
0.9116740698188779 0 31  
0.9443046491352528 0 30  
0.9504415230401959 0 29  
0.9823567657728048 0 28  
1.0022679609132747 0 27  
1.004038158164614 0 26  
1.0261855038832737 0 25  
1.044448015067468 0 24  
1.0475050015869374 0 23  
1.0544223132166421 0 22  
1.072857177988225 0 21  
1.083117853341853 0 20  
1.0974173049345517 0 19  
1.124051904638972 0 18  
1.1361817895533068 0 17  
1.1604075926859203 0 16  
1.2192209139840267 0 15  
1.2331913405303043 0 14  
1.2784171221215066 0 13  
1.336492982812455 0 12  
1.3385716285731788 0 11  
1.3957513754003212 0 10  
1.4247999998179064 0 9  
1.725232533784762 0 8  
1.7401879964923717 0 7  
1.7891877295803598 0 6  
1.7895986037099179 0 5  
1.8559356915448428 0 4  
2.266787517593407 0 3  
2.3031587210223847 0 2  
2.489840560321072 0 1  
2.498766340499079 0 0  
