0.0 100 100  
2.6992735776712955E-5 99 101  
4.9543352263637026E-5 98 102  
1.1482925615768238E-4 97 103  
1.247092272480922E-4 96 104  
2.0068942420441686E-4 95 105  
2.638687310198273E-4 94 106  
2.7524410755867373E-4 93 107  
4.062697226094082E-4 92 108  
4.1368198687202014E-4 91 109  
4.180138745199622E-4 90 110  
4.361607590423396E-4 89 111  
4.5520366160749595E-4 88 112  
5.006185404804607E-4 87 113  
5.031742410593106E-4 86 114  
5.980314689708878E-4 85 115  
6.683160095871492E-4 84 116  
7.080137803753301E-4 83 117  
7.11844015542883E-4 82 118  
7.299941787012533E-4 81 119  
7.756314493852105E-4 80 120  
8.253425522810103E-4 79 121  
8.414013517562514E-4 78 122  
8.685783114192059E-4 77 123  
8.885745086221056E-4 76 124  
9.159252232424891E-4 75 125  
9.635861739331099E-4 74 126  
9.751234872120208E-4 73 127  
9.792306704433933E-4 72 128  
9.885500012215731E-4 71 129  
0.0010412518594544104 70 130  
0.0010777614996155787 69 131  
0.0011402467817209646 68 132  
0.0011411681311514913 67 133  
0.001212063405703883 66 134  
0.0012308373688216549 65 135  
0.0012314350601354003 64 136  
0.0012680691740051054 63 137  
0.0012830289439924433 62 138  
0.0013225665889864122 61 139  
0.001445747386960984 60 140  
0.0015654274774183818 59 141  
0.0015670136445581069 58 142  
0.0016113650261892416 57 143  
0.0017327870839396577 56 144  
0.0017341807644104222 55 145  
0.0017548544859146626 54 146  
0.0019307279188057877 53 147  
0.0020767447463142827 52 148  
0.002117907939957715 51 149  
0.002138776526418942 50 150  
0.0022474093294289482 49 151  
0.0022542803537274796 48 152  
0.002283586515407797 47 153  
0.002306626043149255 46 154  
0.0024244528348204377 45 155  
0.0024360360778363983 44 156  
0.002449083895122269 43 157  
0.002451243713061263 42 158  
0.002519069345166234 41 159  
0.0025789417792766605 40 160  
0.0025868814371996845 39 161  
0.0025947598933053085 38 162  
0.002629319731163684 37 163  
0.002760520675222446 36 164  
0.0028078713278685474 35 165  
0.002836366083488306 34 166  
0.0029979357519072758 33 167  
0.003060347181147049 32 168  
0.0031753685940076938 31 169  
0.0031768272931758904 30 170  
0.0031794521231299578 29 171  
0.003203783619957685 28 172  
0.0032703780989265983 27 173  
0.0033479957263604352 26 174  
0.0033917251390784497 25 175  
0.003483965042568478 24 176  
0.003506916671657528 23 177  
0.0035888523060644078 22 178  
0.003635592474502344 21 179  
0.003914138843861351 20 180  
0.003981959699798217 19 181  
0.00400895489505222 18 182  
0.004103393840989399 17 183  
0.004202416200054677 16 184  
0.0042930759692062555 15 185  
0.004408263322495778 14 186  
0.0045170684653537034 13 187  
0.0046148151891596345 12 188  
0.004624371634828348 11 189  
0.004629498964883355 10 190  
0.004645431730818983 9 191  
0.004740116974581892 8 192  
0.0050010431378653885 7 193  
0.005313958675684224 6 194  
0.005347908100297263 5 195  
0.005381626607438915 4 196  
0.005570184674603723 3 197  
0.005980945355014741 2 198  
0.006706813982684281 1 199  
0.006770760169372 1 198  
0.0074147057212145435 1 197  
0.008229175849335933 1 196  
0.008721139670315207 0 197  
0.009039433326834575 0 196  
0.009087975985249607 0 195  
0.020620704688097187 0 194  
0.020991138817414347 0 193  
0.021718250235298286 0 192  
0.02420018185821338 0 191  
0.02469400755676171 0 190  
0.029611756957304097 0 189  
0.03010833929326765 0 188  
0.03540477679367336 0 187  
0.03717831762376663 0 186  
0.03839335692710281 0 185  
0.03890795214391231 0 184  
0.040639530889136244 0 183  
0.04073330569062305 0 182  
0.04719642189949405 0 181  
0.04897588997000019 0 180  
0.04977546835377332 0 179  
0.05174375748795465 0 178  
0.05800960491715019 0 177  
0.06266236206637692 0 176  
0.06390793168117254 0 175  
0.06604010096171731 0 174  
0.06750193334190742 0 173  
0.07086547749783265 0 172  
0.07100152422598616 0 171  
0.07366211104234438 0 170  
0.07503605674670176 0 169  
0.08124349040621173 0 168  
0.08300463929753121 0 167  
0.09195678082394408 0 166  
0.09379538771968095 0 165  
0.09490970718447743 0 164  
0.09521427388162479 0 163  
0.09614987081583 0 162  
0.09803685852210355 0 161  
0.10006084832229026 0 160  
0.1025929992002054 0 159  
0.10367727837938621 0 158  
0.10586293747718165 0 157  
0.11684822235127348 0 156  
0.11687975308903364 0 155  
0.1233794361920523 0 154  
0.12530545183682867 0 153  
0.12613057627849605 0 152  
0.1286507077906864 0 151  
0.13183503231078586 0 150  
0.13392078796021753 0 149  
0.1348966387326403 0 148  
0.1391847065560009 0 147  
0.13929767047605043 0 146  
0.1412877463931433 0 145  
0.14197706990862863 0 144  
0.1436427387870087 0 143  
0.14418174189836205 0 142  
0.14754004320878755 0 141  
0.15534421576140095 0 140  
0.1573257032262908 0 139  
0.15817209729476983 0 138  
0.16751123193889772 0 137  
0.1679406611690579 0 136  
0.16909682228132808 0 135  
0.17028492277866214 0 134  
0.17264116500181276 0 133  
0.1748658441053011 0 132  
0.18245189944466855 0 131  
0.18398686932994215 0 130  
0.18408523162191642 0 129  
0.1888215856701525 0 128  
0.18910325772572623 0 127  
0.18989439930855737 0 126  
0.19511233690852192 0 125  
0.2036284837076532 0 124  
0.2036491024168346 0 123  
0.20920068206924264 0 122  
0.21784663192020862 0 121  
0.22565153455554662 0 120  
0.22601751333899575 0 119  
0.23098736617468182 0 118  
0.23238192933752974 0 117  
0.23589850163179288 0 116  
0.23974636436842242 0 115  
0.24765713567620096 0 114  
0.25498874142387395 0 113  
0.2555631054684077 0 112  
0.25580856676826746 0 111  
0.25959402923719727 0 110  
0.2631104757679191 0 109  
0.26759864107420733 0 108  
0.26844846440064835 0 107  
0.26860878888287515 0 106  
0.2703655299462458 0 105  
0.27056438083492707 0 104  
0.27604083855707406 0 103  
0.27893360062923495 0 102  
0.2876507582951203 0 101  
0.2952644502212175 0 100  
0.29863725124661833 0 99  
0.29908870393323067 0 98  
0.3168263943489545 0 97  
0.3244639094455008 0 96  
0.3256115731383301 0 95  
0.3258287972263077 0 94  
0.33001386304174973 0 93  
0.3464602015841217 0 92  
0.3496935995485225 0 91  
0.35986912628268153 0 90  
0.3716684636047304 0 89  
0.37375175142025197 0 88  
0.3818294463472848 0 87  
0.38405571835695484 0 86  
0.38520188143178946 0 85  
0.3870920075305426 0 84  
0.4015384293829645 0 83  
0.4166321112507768 0 82  
0.41784638361372256 0 81  
0.4204811613044249 0 80  
0.42703983932530937 0 79  
0.4383432695100453 0 78  
0.4445010112680841 0 77  
0.44859215451157824 0 76  
0.44959143008969715 0 75  
0.4669063968542525 0 74  
0.47491624797164295 0 73  
0.4778549987537392 0 72  
0.48449847094941817 0 71  
0.4875278146373157 0 70  
0.48914882653257535 0 69  
0.49495797793919133 0 68  
0.5027081465275635 0 67  
0.5045729090575252 0 66  
0.5218020684194872 0 65  
0.52774390648891 0 64  
0.5404484913576099 0 63  
0.5457311508245951 0 62  
0.5505448037434388 0 61  
0.5540663619960015 0 60  
0.5635696350643437 0 59  
0.5668451479107189 0 58  
0.5757867520098783 0 57  
0.5902383079683078 0 56  
0.5911614686585481 0 55  
0.5914238734736054 0 54  
0.597285263351461 0 53  
0.6015263403428887 0 52  
0.6115777472031106 0 51  
0.6168601105430248 0 50  
0.6217500466492998 0 49  
0.6371582881587805 0 48  
0.6587897158206443 0 47  
0.6594105355836771 0 46  
0.6659273317366226 0 45  
0.6902545416891475 0 44  
0.693734606425103 0 43  
0.7067939154291643 0 42  
0.7260162160407034 0 41  
0.7346745600719906 0 40  
0.7415996042980607 0 39  
0.7436455258861059 0 38  
0.76305365105582 0 37  
0.7722889638039886 0 36  
0.7746976011183903 0 35  
0.7784917189946035 0 34  
0.7798223945994696 0 33  
0.7925155225684641 0 32  
0.8065719511373914 0 31  
0.8104434780756391 0 30  
0.8243551290213771 0 29  
0.8284736415029575 0 28  
0.8326779909768173 0 27  
0.834247065559244 0 26  
0.842293346622039 0 25  
0.8560291896847302 0 24  
0.8657687039224958 0 23  
0.8984259319386797 0 22  
0.9416390494625388 0 21  
0.9429315420818524 0 20  
1.0074444552353221 0 19  
1.0147504991504928 0 18  
1.0538211985114967 0 17  
1.1127509004050542 0 16  
1.1347266786846217 0 15  
1.1788947462881374 0 14  
1.2048637937175142 0 13  
1.255154118705541 0 12  
1.2889061678922005 0 11  
1.416339279595575 0 10  
1.4566629122470485 0 9  
1.4871112045805097 0 8  
1.5114878971735144 0 7  
1.6754693473293651 0 6  
1.804968399865141 0 5  
1.9194072756054334 0 4  
2.134997361362681 0 3  
2.31706155128615 0 2  
2.9670129469863133 0 1  
3.0115104399368655 0 0  
