0.0 100 100  
1.4644233171501986E-5 99 101  
1.9882320485839426E-5 98 102  
3.0507245672866095E-5 97 103  
7.390283168129676E-5 96 104  
8.276653296319337E-5 95 105  
8.361722972664191E-5 94 106  
8.722386768664222E-5 93 107  
9.22829475866011E-5 92 108  
9.514384592501036E-5 91 109  
1.287112295291107E-4 90 110  
1.440878725553277E-4 89 111  
1.8455661751063952E-4 88 112  
3.521583947834687E-4 87 113  
3.89969146893006E-4 86 114  
4.097484021612068E-4 85 115  
4.534943891082093E-4 84 116  
4.629905199041184E-4 83 117  
4.7430345561029654E-4 82 118  
4.769133128482326E-4 81 119  
5.057088139181949E-4 80 120  
5.675442346774124E-4 79 121  
5.831331579281398E-4 78 122  
5.987768830009003E-4 77 123  
7.119206779294822E-4 76 124  
7.772106110492727E-4 75 125  
7.945770748326647E-4 74 126  
8.231753588359897E-4 73 127  
8.418924723851957E-4 72 128  
8.764695806931634E-4 71 129  
8.813555244990126E-4 70 130  
8.865721538949226E-4 69 131  
9.023606008303195E-4 68 132  
9.328922402587842E-4 67 133  
0.00101791563430038 66 134  
0.0010556512871878702 65 135  
0.0011667865511955284 64 136  
0.0011837914082652482 63 137  
0.0012158612251404164 62 138  
0.0013168360889356892 61 139  
0.0013480668475683289 60 140  
0.0013770423753861852 59 141  
0.001392534731208556 58 142  
0.0014564236246271775 57 143  
0.0015593676349281006 56 144  
0.0015882383134676798 55 145  
0.0016524473795889966 54 146  
0.0016844665392088396 54 145  
0.001691798644179062 53 146  
0.0016953090713466665 52 147  
0.0017457555148630663 51 148  
0.001771717726326595 50 149  
0.001785701706628556 49 150  
0.0017941406541510314 48 151  
0.001827152615359605 47 152  
0.001854126616156815 46 153  
0.0019702798707273944 45 154  
0.0019886001259490586 44 155  
0.0019989115075828064 43 156  
0.002027735880123104 42 157  
0.002079379131099012 41 158  
0.0021261133070176984 40 159  
0.0021986775454268803 39 160  
0.002290184251502271 38 161  
0.0023225721705110837 37 162  
0.002330624227277581 36 163  
0.002364906280832548 35 164  
0.002366785385787564 34 165  
0.002555438258466914 33 166  
0.002585521860448405 32 167  
0.0026251451695863764 31 168  
0.0026478202163174036 30 169  
0.00280471961245447 29 170  
0.002805388536859409 28 171  
0.002873820725433924 27 172  
0.0029545962109730475 26 173  
0.0032929842988335956 25 174  
0.0033115768798746823 24 175  
0.0033274194630217332 23 176  
0.0033923923409967397 22 177  
0.003398686283308352 22 176  
0.00362684331240922 21 177  
0.003724647718816973 20 178  
0.0037989975964832345 19 179  
0.003826321519827044 18 180  
0.0038353128354442502 17 181  
0.0038841825086699065 16 182  
0.0038945598651641735 16 181  
0.004102564279313272 15 182  
0.004115612925153367 14 183  
0.0042168656487886974 13 184  
0.004307328868828943 12 185  
0.004451815878825625 11 186  
0.004535289642018216 10 187  
0.004574518236843989 9 188  
0.004845715158860263 8 189  
0.0049080910868530715 7 190  
0.0049746427387120365 6 191  
0.005070779384232003 5 192  
0.005532990752206864 4 193  
0.005852630149836228 3 194  
0.006141417710214079 2 195  
0.008141635169140838 2 194  
0.01020999016519034 1 195  
0.01053640771271623 0 196  
0.014577027090419057 0 195  
0.014678933018990635 0 194  
0.015098245848947785 0 193  
0.0179598852283904 0 192  
0.021644481318062864 0 191  
0.03174122365430954 0 190  
0.03261896819271485 0 189  
0.03269387125747519 0 188  
0.03322990108980321 0 187  
0.0346840622467921 0 186  
0.03806453819007611 0 185  
0.0381939751446657 0 184  
0.04224225289785847 0 183  
0.04340841403369751 0 182  
0.045054410707600384 0 181  
0.04685862226845033 0 180  
0.04712253266353505 0 179  
0.04790752078716164 0 178  
0.05202557993444805 0 177  
0.06532740659050788 0 176  
0.07164599322326888 0 175  
0.07290338740388133 0 174  
0.07570183888723588 0 173  
0.07718539108527413 0 172  
0.07841543246058504 0 171  
0.07853997193744242 0 170  
0.08202604685476049 0 169  
0.083888790929296 0 168  
0.08494021306912898 0 167  
0.08705215749403208 0 166  
0.08776772178235598 0 165  
0.08849510522997366 0 164  
0.09252977657461449 0 163  
0.09899031208584877 0 162  
0.10069273090417705 0 161  
0.10376472624966093 0 160  
0.10635265107995469 0 159  
0.11074856426739274 0 158  
0.11137160870603559 0 157  
0.11213891573849213 0 156  
0.11245954773251202 0 155  
0.11782403672787986 0 154  
0.11837828668966303 0 153  
0.12061951012838844 0 152  
0.12843974119806537 0 151  
0.12866929098593577 0 150  
0.12924978519486716 0 149  
0.12955468265660117 0 148  
0.13089487328855176 0 147  
0.1343153902295425 0 146  
0.13549227432210062 0 145  
0.13682427235918898 0 144  
0.13873993809824767 0 143  
0.14204234752147407 0 142  
0.14206115131146244 0 141  
0.14760964355268147 0 140  
0.14847173623513454 0 139  
0.15592862599711949 0 138  
0.16136812993026364 0 137  
0.1628995715549407 0 136  
0.16869618613796508 0 135  
0.1690193640803824 0 134  
0.17212906702841257 0 133  
0.17297761283527358 0 132  
0.1738824206405525 0 131  
0.1746502016965753 0 130  
0.1763450075904464 0 129  
0.1895028941701542 0 128  
0.1905859433958024 0 127  
0.19069919897083212 0 126  
0.19712345475512622 0 125  
0.19761964414560448 0 124  
0.20123572861778874 0 123  
0.20468534640444586 0 122  
0.2066413577209837 0 121  
0.21004610765274415 0 120  
0.21631629796453508 0 119  
0.21706722129606276 0 118  
0.220534149530903 0 117  
0.22333181269077337 0 116  
0.22707143850154476 0 115  
0.22786098794088258 0 114  
0.22869767148961115 0 113  
0.23092024727417815 0 112  
0.24560283089974919 0 111  
0.24573352651911118 0 110  
0.24961603869308227 0 109  
0.26404204281647337 0 108  
0.26636881859077094 0 107  
0.26860617748142046 0 106  
0.269418593319255 0 105  
0.2720860493207268 0 104  
0.2786964199760856 0 103  
0.28205772097399184 0 102  
0.2861493306959012 0 101  
0.2872478516295471 0 100  
0.2891985087046521 0 99  
0.2956815230484801 0 98  
0.29662549407718874 0 97  
0.31441785479961104 0 96  
0.3151734435185799 0 95  
0.33506859151303425 0 94  
0.3384467209808976 0 93  
0.341515819869159 0 92  
0.34290430458389604 0 91  
0.3483770942466622 0 90  
0.3550070448103196 0 89  
0.35789009136201905 0 88  
0.36467097743662796 0 87  
0.36666459327328715 0 86  
0.3677433950944923 0 85  
0.36931510309142446 0 84  
0.3701137163364541 0 83  
0.3702523007995666 0 82  
0.4128284509486839 0 81  
0.41735109683243693 0 80  
0.4187632647647134 0 79  
0.425233722836366 0 78  
0.4274186191564947 0 77  
0.4328476666340681 0 76  
0.4424370384280071 0 75  
0.4469811009080607 0 74  
0.44928292771346284 0 73  
0.450424558165175 0 72  
0.46584495856763775 0 71  
0.46638789152114446 0 70  
0.4823892774754401 0 69  
0.48760694581411357 0 68  
0.4901323898303238 0 67  
0.4930789906833875 0 66  
0.49775048325998084 0 65  
0.4987213270886339 0 64  
0.5000292076697114 0 63  
0.5039360352353521 0 62  
0.5054306565957888 0 61  
0.5078084751008585 0 60  
0.5123488579448253 0 59  
0.5237345793621045 0 58  
0.5242533405188533 0 57  
0.5348157082656427 0 56  
0.5438448777880793 0 55  
0.5487231548523331 0 54  
0.5537316825023267 0 53  
0.5554832344009255 0 52  
0.5712793291282232 0 51  
0.5719205583209527 0 50  
0.5778402610437238 0 49  
0.5797948545531979 0 48  
0.580259523495728 0 47  
0.5807720343983507 0 46  
0.6136065902989835 0 45  
0.6164151181123217 0 44  
0.6226552440636082 0 43  
0.6390080482861838 0 42  
0.6447662717724081 0 41  
0.6460436772104322 0 40  
0.6482610665251348 0 39  
0.6581970554384633 0 38  
0.674646861387516 0 37  
0.7070830107721175 0 36  
0.7093518556865267 0 35  
0.7173971829177748 0 34  
0.7264898387593328 0 33  
0.7333710610135782 0 32  
0.7647900793840254 0 31  
0.7997908954332646 0 30  
0.8207001840065107 0 29  
0.8310836378807614 0 28  
0.8898693487280246 0 27  
0.8977909608691955 0 26  
0.90019506402392 0 25  
0.9056702295690323 0 24  
0.9084887411828613 0 23  
0.9169578362930505 0 22  
0.9382603653573772 0 21  
0.9403246629146848 0 20  
0.9504382007712461 0 19  
0.9506598398278567 0 18  
0.955995070144997 0 17  
1.024638101353914 0 16  
1.0358941317560333 0 15  
1.0459276284198864 0 14  
1.2248461219982902 0 13  
1.2523876822917344 0 12  
1.3151039223094043 0 11  
1.389488889087823 0 10  
1.3955121813784912 0 9  
1.4082371004729868 0 8  
1.4238596804997368 0 7  
1.4391331074613887 0 6  
1.4659268221478492 0 5  
1.7969921893397918 0 4  
1.9375247086143421 0 3  
2.3169247295186315 0 2  
2.5106850585780736 0 1  
3.009228188362172 0 0  
