0.0 100 100  
1.8440629463381493E-5 99 101  
4.210937269472385E-5 98 102  
8.720299191527069E-5 97 103  
1.1387537619379068E-4 96 104  
1.1677189822918915E-4 95 105  
1.3034046554281245E-4 94 106  
1.6259519137984846E-4 93 107  
1.7015327166813117E-4 92 108  
1.7091165874787782E-4 91 109  
2.0487172922505252E-4 90 110  
2.2483825557119758E-4 89 111  
2.3786780246377425E-4 88 112  
2.4094406683470649E-4 87 113  
2.7875403838503374E-4 87 112  
2.8153835564213885E-4 86 113  
2.9576166617081254E-4 85 114  
3.330849629723378E-4 84 115  
3.6810648330207874E-4 83 116  
3.739649547680786E-4 82 117  
3.756730211841682E-4 81 118  
3.95364600948638E-4 80 119  
4.311781265847518E-4 79 120  
4.71236370272105E-4 78 121  
4.909759359195764E-4 77 122  
5.005855793067186E-4 76 123  
5.516126670350121E-4 75 124  
5.581391001142929E-4 74 125  
5.888263243078765E-4 73 126  
5.990339465259222E-4 72 127  
6.531782426143901E-4 71 128  
7.027158269737866E-4 70 129  
7.092307540900073E-4 69 130  
7.31369700721506E-4 68 131  
7.80956756304016E-4 67 132  
7.910464402798294E-4 68 132  
8.27139172009991E-4 67 133  
8.347487156019535E-4 66 134  
8.416345250402336E-4 65 135  
9.293795120777265E-4 64 136  
0.001015451887461708 63 137  
0.0010463053629688132 62 138  
0.0010467870679951947 61 139  
0.0010841941041686693 60 140  
0.0011655787690002363 59 141  
0.001204531331569956 58 142  
0.0012964372352237499 57 143  
0.0013106826037770907 56 144  
0.0013389868781931555 55 145  
0.001391727561870072 54 146  
0.0014204480989317605 53 147  
0.0014648657013353013 52 148  
0.0014843879869213725 51 149  
0.0015078046830991488 50 150  
0.0016009561648037188 49 151  
0.0016710059091714785 48 152  
0.0016860056214213826 47 153  
0.001744734161342981 46 154  
0.0018773698831056967 45 155  
0.0019458502435390325 44 156  
0.0019522582169843406 43 157  
0.0019780686112912055 42 158  
0.002066241125233145 41 159  
0.002149816638025319 40 160  
0.002194743234533093 39 161  
0.002256318443013727 38 162  
0.002273125552400874 37 163  
0.002277169172562562 36 164  
0.0022867408008553905 35 165  
0.0023022367802552255 34 166  
0.0023322518075822724 33 167  
0.0023733710913442624 32 168  
0.0024748456166456155 31 169  
0.002480041292627262 30 170  
0.00252901792449184 29 171  
0.0026718618222401416 28 172  
0.002695404883146791 27 173  
0.002697418222607683 26 174  
0.002776648235738964 25 175  
0.002805028069882411 24 176  
0.0031225052425585074 23 177  
0.0031330557001695695 22 178  
0.0031653088501130107 21 179  
0.003367889262054979 20 180  
0.003430711608266663 19 181  
0.0034333852106106038 18 182  
0.003494845153136393 17 183  
0.0035219602327823544 16 184  
0.003529731513634784 15 185  
0.003594844661704817 14 186  
0.00375684291588645 13 187  
0.0040023886506724135 12 188  
0.004150843245051952 11 189  
0.004214202255731458 10 190  
0.004287621562350118 9 191  
0.004308696827725254 9 190  
0.00452023624074141 8 191  
0.004653501522682116 7 192  
0.004735021733955284 6 193  
0.0051120708436941855 5 194  
0.005685029758115313 4 195  
0.00578177784507514 3 196  
0.005870979077738394 2 197  
0.005902303592195666 1 198  
0.009423246293837041 1 197  
0.009589417878154661 0 198  
0.011134926793486684 0 197  
0.012414517556720158 0 196  
0.016594261524553545 0 195  
0.019555600098288613 0 194  
0.020685516391921406 0 193  
0.02337998410947519 0 192  
0.025736679828542323 0 191  
0.027906647954589987 0 190  
0.029295258484807744 0 189  
0.02982736365114296 0 188  
0.03654611022562483 0 187  
0.03722282547388984 0 186  
0.03999628905470559 0 185  
0.04201046886044357 0 184  
0.04329991140546369 0 183  
0.049881419522130224 0 182  
0.052119924088643174 0 181  
0.05871059003119979 0 180  
0.0681112484398485 0 179  
0.06857162902558223 0 178  
0.07328272597661512 0 177  
0.0757510219206673 0 176  
0.08162009864999091 0 175  
0.09554765715951773 0 174  
0.09991141119187191 0 173  
0.1000035300974892 0 172  
0.10259583095146961 0 171  
0.10604039544411649 0 170  
0.10770357754365367 0 169  
0.1120595938469096 0 168  
0.11797386173109406 0 167  
0.12090134341563924 0 166  
0.12175689822570505 0 165  
0.1222537498813563 0 164  
0.12236000134179258 0 163  
0.12634361206470482 0 162  
0.13388748585332808 0 161  
0.13552354587913382 0 160  
0.13972343777544086 0 159  
0.14044129078795736 0 158  
0.14314190205445101 0 157  
0.14400401458046572 0 156  
0.14861983113079985 0 155  
0.14896678440113537 0 154  
0.15026414168545046 0 153  
0.15146413335856734 0 152  
0.15181978161944495 0 151  
0.15198647017042563 0 150  
0.1541520003168232 0 149  
0.15661050966663018 0 148  
0.16504520884683274 0 147  
0.1690458420439173 0 146  
0.17355656093713126 0 145  
0.17435087259657703 0 144  
0.17478470438228183 0 143  
0.1760844136059226 0 142  
0.17716155311457432 0 141  
0.17787812276669426 0 140  
0.18319111799337157 0 139  
0.1874213475930798 0 138  
0.19960732350844898 0 137  
0.20102351180954223 0 136  
0.20309262511155568 0 135  
0.2061774719870083 0 134  
0.2116815227112197 0 133  
0.21282080183677068 0 132  
0.2166131255704701 0 131  
0.22360576066430457 0 130  
0.2245169051174111 0 129  
0.2245301112771266 0 128  
0.2292081369798606 0 127  
0.23127534620574056 0 126  
0.23534672158405373 0 125  
0.23721734703812716 0 124  
0.24394300700101212 0 123  
0.24698199314976307 0 122  
0.2527149749702883 0 121  
0.2588292191850128 0 120  
0.2589525947138004 0 119  
0.263138843472529 0 118  
0.26320223319566344 0 117  
0.26414703871766027 0 116  
0.26896692455049 0 115  
0.2930640825040542 0 114  
0.2983808677394729 0 113  
0.2997570409018248 0 112  
0.3095609008142106 0 111  
0.3170932376535217 0 110  
0.3172138986919761 0 109  
0.3254246909209917 0 108  
0.33446088737798263 0 107  
0.3349738949606053 0 106  
0.3401415808904947 0 105  
0.3496487543187834 0 104  
0.35114085140327184 0 103  
0.35374679301993006 0 102  
0.3598141724316038 0 101  
0.36257605044331376 0 100  
0.3633886599417989 0 99  
0.3654090272071272 0 98  
0.37008894196150727 0 97  
0.392639342461113 0 96  
0.39355687568038084 0 95  
0.4000667499980675 0 94  
0.4011036333634763 0 93  
0.4083762201859429 0 92  
0.4141217208596151 0 91  
0.4141577225623752 0 90  
0.4164961559143073 0 89  
0.41922547551774564 0 88  
0.4256653979774102 0 87  
0.42631995978731513 0 86  
0.4274636309640426 0 85  
0.43173537500696946 0 84  
0.43305112446951616 0 83  
0.45493849775422485 0 82  
0.4598158231813558 0 81  
0.47314502655063756 0 80  
0.4753190934655706 0 79  
0.48401253303624514 0 78  
0.487481649123273 0 77  
0.4982413158866708 0 76  
0.4994645709392106 0 75  
0.5002236850312459 0 74  
0.5004635480073891 0 73  
0.5040089784700132 0 72  
0.5046669808831813 0 71  
0.5082465819169091 0 70  
0.5100836346912038 0 69  
0.5183942166448315 0 68  
0.5196366566050616 0 67  
0.5239869065425723 0 66  
0.5343297359762141 0 65  
0.5363363181523954 0 64  
0.5363683723411055 0 63  
0.536654959802889 0 62  
0.5417114241505241 0 61  
0.5598352504386659 0 60  
0.5608979853551923 0 59  
0.5757938785916462 0 58  
0.5931810116788545 0 57  
0.6091223481260589 0 56  
0.6135997304699825 0 55  
0.6229037905146596 0 54  
0.6363244948364263 0 53  
0.6422157606986187 0 52  
0.6422949588126836 0 51  
0.6464945467706209 0 50  
0.6623481254237459 0 49  
0.6775849820227462 0 48  
0.6844406292881894 0 47  
0.6854306166386489 0 46  
0.6922876503451322 0 45  
0.6967942023417849 0 44  
0.7360697989462329 0 43  
0.7688440277629935 0 42  
0.8045717917060659 0 41  
0.8102607475480069 0 40  
0.8179293808853138 0 39  
0.820532301877194 0 38  
0.8492242081208256 0 37  
0.8556716301052897 0 36  
0.8687271586142655 0 35  
0.9062473375775165 0 34  
0.9236095229265883 0 33  
0.9290670926600019 0 32  
0.9349515887604319 0 31  
0.9381864007895032 0 30  
0.9609489028404082 0 29  
0.975540077965528 0 28  
1.0420007491516943 0 27  
1.0524447667811838 0 26  
1.08485189933158 0 25  
1.0908523232907927 0 24  
1.115190352540552 0 23  
1.1257644276850847 0 22  
1.1784608490109694 0 21  
1.1801553814914623 0 20  
1.1846377638457561 0 19  
1.2352410198522499 0 18  
1.2470757421135632 0 17  
1.256662454615646 0 16  
1.2678054888694361 0 15  
1.3015563578265767 0 14  
1.3498800932652608 0 13  
1.3727224880834685 0 12  
1.4312489646099187 0 11  
1.538043148619015 0 10  
1.5945058893927158 0 9  
1.6288187449790767 0 8  
1.711500465082496 0 7  
1.8253110526530942 0 6  
1.971511318938994 0 5  
2.0281889649497504 0 4  
2.1113245030111454 0 3  
2.442387129454836 0 2  
2.499860358042144 0 1  
2.568539547469545 0 0  
