0.0 100 100  
5.7979789030507206E-5 99 101  
1.2396677746419685E-4 98 102  
1.3919425339913643E-4 97 103  
1.591026542855272E-4 96 104  
1.9380250552585785E-4 95 105  
2.060223142415108E-4 94 106  
2.16801131926888E-4 93 107  
2.863066400527936E-4 92 108  
2.8865076473832317E-4 91 109  
2.9116565355908453E-4 90 110  
2.998193490095482E-4 89 111  
3.1482423111647617E-4 88 112  
3.756752528611088E-4 87 113  
4.0276896439813434E-4 86 114  
4.038945293623112E-4 85 115  
4.0716204982360545E-4 84 116  
4.876765160913585E-4 83 117  
4.900337800675654E-4 82 118  
5.673084607618837E-4 81 119  
5.729959258405871E-4 80 120  
6.285624167775129E-4 79 121  
6.3841832944436E-4 78 122  
6.431209592284708E-4 77 123  
6.445775332473971E-4 76 124  
6.900276593126857E-4 75 125  
7.282773275153392E-4 74 126  
7.494296138865605E-4 73 127  
7.723338922376106E-4 72 128  
7.981372537929094E-4 71 129  
8.012084330785131E-4 70 130  
8.138494472268431E-4 70 129  
8.515378915545813E-4 69 130  
8.705168383640725E-4 68 131  
8.79034351065907E-4 67 132  
9.362089802929096E-4 66 133  
0.001035050846486479 65 134  
0.0011492850974704732 64 135  
0.0011758991246860044 63 136  
0.0012103086403657856 62 137  
0.0012232180863751716 61 138  
0.0013979515686599671 60 139  
0.0014152909625816765 59 140  
0.001692467949917282 58 141  
0.0017430508385043112 57 142  
0.0017890381918061373 56 143  
0.0019343778482294148 55 144  
0.0019872405319471473 54 145  
0.002036734426974826 53 146  
0.002045203028230825 52 147  
0.0020637502285170087 51 148  
0.002067990703268344 50 149  
0.002178970637206991 49 150  
0.0021977998550146293 48 151  
0.0022060583425964615 47 152  
0.0022156402918515816 46 153  
0.002263505344654437 45 154  
0.002270569054895855 44 155  
0.0023084781867997637 43 156  
0.0023286692514505863 42 157  
0.0023652690108507757 41 158  
0.002380269210697757 40 159  
0.0024330132336267216 39 160  
0.002450915824366051 38 161  
0.0024603389032045522 37 162  
0.002490299417829694 36 163  
0.0025130650609417496 35 164  
0.0026657140734246904 34 165  
0.0027175217107643294 33 166  
0.0027546720778854035 32 167  
0.0028094006399186117 31 168  
0.0028192239984244677 30 169  
0.0028453488400290994 29 170  
0.0028551327911711948 28 171  
0.0029571062535137032 27 172  
0.0030658342027956747 26 173  
0.00308662290007672 25 174  
0.0030884651482602802 24 175  
0.0031896745064415783 23 176  
0.0032172966945682863 22 177  
0.003440262942858044 21 178  
0.0035103196392872547 20 179  
0.003573610523830149 19 180  
0.003662913525905796 18 181  
0.0037063613213393237 17 182  
0.0037554534919001558 16 183  
0.003820416542850529 15 184  
0.003914636374706413 14 185  
0.003977438937514163 13 186  
0.004183060073096587 12 187  
0.004384890487409877 11 188  
0.0045157778992605 11 187  
0.005292445754780952 10 188  
0.005295117307234555 9 189  
0.005538726150855489 8 190  
0.00558636031698165 7 191  
0.006481785187353267 7 190  
0.006566609340739919 6 191  
0.006830610967203955 5 192  
0.00691854713804366 4 193  
0.007005385952155931 3 194  
0.007887226641589602 3 193  
0.008287032283480739 2 194  
0.008906411057755026 2 193  
0.011056090651809673 1 194  
0.011468912426044166 0 195  
0.015965278680492544 0 194  
0.018415981253705086 0 193  
0.020966304837613393 0 192  
0.02993527172688162 0 191  
0.03320588660490802 0 190  
0.039881879405473254 0 189  
0.041138642408219545 0 188  
0.04261689064676699 0 187  
0.04465012881132279 0 186  
0.045648448583581046 0 185  
0.05023084123424687 0 184  
0.05370853324218028 0 183  
0.054083804096258334 0 182  
0.05560682136910322 0 181  
0.05810895218388922 0 180  
0.06373793459937609 0 179  
0.06466566629353218 0 178  
0.06636395563291013 0 177  
0.06891986659919214 0 176  
0.06982953967696 0 175  
0.07185633750838667 0 174  
0.07576043606481363 0 173  
0.07883669549397154 0 172  
0.08090969943182609 0 171  
0.08561742110896553 0 170  
0.0885952729609492 0 169  
0.09146616040607237 0 168  
0.09171891040348311 0 167  
0.0941915145723353 0 166  
0.10066034694243932 0 165  
0.1017503168888998 0 164  
0.10272296970001783 0 163  
0.10351363927353938 0 162  
0.11816656119562487 0 161  
0.1273189906456662 0 160  
0.13743603716776417 0 159  
0.13765208127399975 0 158  
0.14287679930590289 0 157  
0.14296699607934957 0 156  
0.14537282360570453 0 155  
0.14649776429226238 0 154  
0.14825129879950577 0 153  
0.1500610821723473 0 152  
0.15371206369844492 0 151  
0.1602949007615735 0 150  
0.16093965439592176 0 149  
0.16417649268649426 0 148  
0.1727326305233119 0 147  
0.17378507348955904 0 146  
0.17520932008906973 0 145  
0.17554915572203506 0 144  
0.17625875607336697 0 143  
0.17736824396793327 0 142  
0.178460044201038 0 141  
0.1947910882684851 0 140  
0.19692754902722703 0 139  
0.20183387557496907 0 138  
0.20528379899429416 0 137  
0.21714503495206233 0 136  
0.21747540509612956 0 135  
0.22105594856671465 0 134  
0.22253605470710427 0 133  
0.2239925204645931 0 132  
0.2310432698528821 0 131  
0.2351909804797442 0 130  
0.23735752216559788 0 129  
0.24387012747468167 0 128  
0.24925437017711596 0 127  
0.2565726905825904 0 126  
0.2634846841164402 0 125  
0.26927828323387 0 124  
0.27236768950279416 0 123  
0.2725867435779735 0 122  
0.27434906200717096 0 121  
0.28687661437096007 0 120  
0.28802878819771227 0 119  
0.2900400355285169 0 118  
0.29181776069675724 0 117  
0.29302821524447764 0 116  
0.29963476354038576 0 115  
0.3019543300432668 0 114  
0.30927233143735355 0 113  
0.33398707101308756 0 112  
0.33462004809265167 0 111  
0.3415692485040332 0 110  
0.34212392108763473 0 109  
0.34273326577223967 0 108  
0.34935606081324533 0 107  
0.3562362996385772 0 106  
0.3627657675821441 0 105  
0.36358830897850997 0 104  
0.36799019373766356 0 103  
0.3761411772226163 0 102  
0.3788961496069935 0 101  
0.3854031658132431 0 100  
0.3902821335786609 0 99  
0.3972723689607648 0 98  
0.3981575638323494 0 97  
0.40315867716768655 0 96  
0.40736563937525894 0 95  
0.4186478681809047 0 94  
0.42133212737753817 0 93  
0.42170616258732213 0 92  
0.4341863001950451 0 91  
0.4357784816182165 0 90  
0.4433453931551212 0 89  
0.4574960792204098 0 88  
0.4638546640762557 0 87  
0.4649130618819922 0 86  
0.4744648390395432 0 85  
0.47548641709395223 0 84  
0.48318664660931826 0 83  
0.4881723465396923 0 82  
0.5202038796676091 0 81  
0.5241920417375698 0 80  
0.5290388313085954 0 79  
0.5377929234368711 0 78  
0.5383927841154579 0 77  
0.5513561325292528 0 76  
0.5601519618488752 0 75  
0.5850781991258176 0 74  
0.5877180789183603 0 73  
0.5953670504565401 0 72  
0.5978228334336397 0 71  
0.6032436514491437 0 70  
0.6095395662012317 0 69  
0.6105131844499295 0 68  
0.6185616897105721 0 67  
0.6208099683226833 0 66  
0.6216576956864575 0 65  
0.6225905054619546 0 64  
0.628270187983242 0 63  
0.6495224966356681 0 62  
0.6577816925161782 0 61  
0.6851077647910667 0 60  
0.7084878314142906 0 59  
0.715382504956407 0 58  
0.7274803277638514 0 57  
0.7585233103873177 0 56  
0.7601997970557708 0 55  
0.7651099768447506 0 54  
0.7677237876863042 0 53  
0.7794660194374883 0 52  
0.7976195617690943 0 51  
0.8052277885855204 0 50  
0.8071885577202099 0 49  
0.815321924701411 0 48  
0.8429605509120488 0 47  
0.8515908828196446 0 46  
0.8543194203093085 0 45  
0.8577452771132353 0 44  
0.8584198034240073 0 43  
0.8871329404505713 0 42  
0.8905408549712204 0 41  
0.8985823471134273 0 40  
0.9008367307106264 0 39  
0.9018554949053885 0 38  
0.9044923548094369 0 37  
0.9108646131145862 0 36  
0.9214733648146589 0 35  
0.9344669782063818 0 34  
0.9365429976357736 0 33  
0.9397042369227373 0 32  
0.9469466191323302 0 31  
0.9474616866573857 0 30  
0.9710778513457186 0 29  
0.9759628555441994 0 28  
0.979585550701328 0 27  
0.9823599564923423 0 26  
0.999746389510359 0 25  
1.012922865657922 0 24  
1.061836199608833 0 23  
1.067075064787288 0 22  
1.1082818960532372 0 21  
1.181720406951315 0 20  
1.2158932932006767 0 19  
1.2236347088292903 0 18  
1.2541145412736334 0 17  
1.2746822855948785 0 16  
1.2830143616102352 0 15  
1.2949910656121741 0 14  
1.3504023455500385 0 13  
1.3745965360362828 0 12  
1.4319298662431716 0 11  
1.464379319208454 0 10  
1.4781337727473065 0 9  
1.500232480559757 0 8  
1.5080395329917058 0 7  
1.5480532024517364 0 6  
1.759079402319427 0 5  
1.7916407236982712 0 4  
1.8992369216868186 0 3  
2.020588034018932 0 2  
2.1998682709169124 0 1  
3.6103227063378576 0 0  
