0.0 100 100  
1.0633981255377899E-5 99 101  
1.2859570298836632E-5 98 102  
5.753584074302433E-5 97 103  
9.846291127992104E-5 96 104  
1.10788861070212E-4 95 105  
1.6895077520688682E-4 94 106  
2.067763289730622E-4 93 107  
2.650657047048822E-4 92 108  
2.7401109394829294E-4 91 109  
3.062043619893267E-4 90 110  
3.474122853090112E-4 89 111  
3.988099137872045E-4 88 112  
4.220612359715614E-4 87 113  
4.287565146775756E-4 86 114  
4.4050146130952773E-4 85 115  
4.586887838517599E-4 84 116  
4.6454051638898945E-4 83 117  
4.961465609511248E-4 82 118  
5.151844615226502E-4 81 119  
5.363177408099219E-4 80 120  
5.564800798565431E-4 79 121  
5.584086714222386E-4 78 122  
5.594421405475402E-4 77 123  
6.133958975207799E-4 76 124  
6.782943074903356E-4 75 125  
7.633824675870815E-4 74 126  
8.311794067843775E-4 73 127  
8.938356407657707E-4 72 128  
9.458891993225755E-4 71 129  
9.926542729549374E-4 70 130  
0.0010718687101903314 69 131  
0.0010890576899940069 68 132  
0.0011054038847551 67 133  
0.0011151686602252654 66 134  
0.0011546060844077907 65 135  
0.001160696628269093 64 136  
0.0012167392915495587 63 137  
0.0012381808446438535 62 138  
0.0012488489746956726 61 139  
0.0013372984640072482 60 140  
0.0013594037710847606 59 141  
0.0013653102232315537 58 142  
0.0013735522356855775 57 143  
0.0013921831230162545 56 144  
0.0014158776118426589 55 145  
0.0014297833461576282 54 146  
0.0014554495477356552 53 147  
0.0014636965879705093 52 148  
0.0014795688372019932 51 149  
0.0016778748664163087 50 150  
0.0016779542495945253 49 151  
0.0017022801614836511 48 152  
0.0017414644112537403 47 153  
0.0017952873034383788 46 154  
0.0018032305725985116 45 155  
0.0020389789654661743 44 156  
0.0021144068361978927 43 157  
0.0021668715843862012 42 158  
0.002189130054376478 41 159  
0.002233059569418326 40 160  
0.0022640269062269855 39 161  
0.002326715103451843 38 162  
0.002337056373936623 37 163  
0.0024319105728650625 36 164  
0.0024536219956931365 35 165  
0.0024730143582231898 34 166  
0.002516438157410025 33 167  
0.0025475176436094904 32 168  
0.002577617933943819 31 169  
0.0025939290693845897 30 170  
0.0026624555027774744 29 171  
0.0027357964221935843 28 172  
0.0027641061357920093 27 173  
0.0028110928501486 26 174  
0.0029150105097530297 25 175  
0.0029159795721267227 24 176  
0.002936643586145372 23 177  
0.002956541078652987 22 178  
0.003097928085286638 21 179  
0.0031283575718520527 20 180  
0.0031629347069867643 19 181  
0.003293750545329747 18 182  
0.0033369735417148267 17 183  
0.003465100778635826 16 184  
0.003576324381168788 15 185  
0.00357824490632031 14 186  
0.003622321148873183 13 187  
0.0037373222322657908 12 188  
0.0037602441550937606 11 189  
0.004317743713259388 10 190  
0.004330001332207251 9 191  
0.004396251083488421 8 192  
0.004547011606597559 7 193  
0.004749451366960392 6 194  
0.004808723114055647 5 195  
0.00544875432187951 4 196  
0.006067938933866664 4 195  
0.006221874304693772 3 196  
0.0070865420154751415 2 197  
0.0075444601062323365 1 198  
0.007858755246566025 0 199  
0.00942176782865302 0 198  
0.009854715665302577 0 197  
0.011382272311666873 0 196  
0.013270738021800291 0 195  
0.013316469290418884 0 194  
0.01608209466805663 0 193  
0.017091226837462677 0 192  
0.018230491690637413 0 191  
0.01919048942963603 0 190  
0.0193466521205274 0 189  
0.021180436474094406 0 188  
0.024369207562190902 0 187  
0.025377393495682195 0 186  
0.03037316759618482 0 185  
0.03131209351031411 0 184  
0.03435194066939214 0 183  
0.03770641655838591 0 182  
0.03882330133240211 0 181  
0.03989037357624495 0 180  
0.042274477156153525 0 179  
0.043546564855437654 0 178  
0.0446716544882834 0 177  
0.04489624367293782 0 176  
0.04758485171410944 0 175  
0.049748552880282154 0 174  
0.05499127627434476 0 173  
0.05725177697505292 0 172  
0.05805559433014799 0 171  
0.059793832756263605 0 170  
0.062010766908793966 0 169  
0.06513371807224186 0 168  
0.06782528535052444 0 167  
0.07288564949445192 0 166  
0.07696707948106052 0 165  
0.0795633796633153 0 164  
0.08087543139458983 0 163  
0.08263792603338153 0 162  
0.08943136868792553 0 161  
0.08968823486650362 0 160  
0.09537979740944644 0 159  
0.09618137953618201 0 158  
0.09631285140698125 0 157  
0.09974935270562862 0 156  
0.10808102081641449 0 155  
0.10843267284437771 0 154  
0.10970767072208082 0 153  
0.11443587730644937 0 152  
0.11593012533241899 0 151  
0.11773872135520569 0 150  
0.12033000331991404 0 149  
0.12096021102160394 0 148  
0.1298591047183945 0 147  
0.13062034082257526 0 146  
0.1307216951130724 0 145  
0.1332533101657655 0 144  
0.1364162820670544 0 143  
0.14526887201032973 0 142  
0.14723962301788507 0 141  
0.14747336915639125 0 140  
0.14995383062821432 0 139  
0.15286110486945068 0 138  
0.1547082317872368 0 137  
0.16459350702019687 0 136  
0.16483648048424573 0 135  
0.16605360025210106 0 134  
0.17204639387343906 0 133  
0.17556640890523983 0 132  
0.17590625312529595 0 131  
0.17948924304252403 0 130  
0.1797426764142255 0 129  
0.1863296468730481 0 128  
0.1864256326830843 0 127  
0.1909385486453315 0 126  
0.19633915106057825 0 125  
0.20293089475731482 0 124  
0.21006639116719228 0 123  
0.21067200267661396 0 122  
0.21185710906970578 0 121  
0.21772208866386364 0 120  
0.2180341631688622 0 119  
0.21930195079893364 0 118  
0.2279195037884309 0 117  
0.22859796771165944 0 116  
0.24155981091649192 0 115  
0.24192648341818426 0 114  
0.261781628837747 0 113  
0.26193530461138215 0 112  
0.26195410798832613 0 111  
0.26808624883509385 0 110  
0.2701319652887482 0 109  
0.2738877220948748 0 108  
0.3138698767566977 0 107  
0.31949928601703176 0 106  
0.32915479545642223 0 105  
0.33175781104530555 0 104  
0.33522257968663904 0 103  
0.3366240497154272 0 102  
0.35191312429005894 0 101  
0.3590344387138109 0 100  
0.36007492567630206 0 99  
0.3639393749010289 0 98  
0.36634794435816126 0 97  
0.37186334555399414 0 96  
0.3755443432761835 0 95  
0.37756757572962785 0 94  
0.38041213752552977 0 93  
0.38280353080263924 0 92  
0.3840430223297443 0 91  
0.3940587584645399 0 90  
0.41921002904696747 0 89  
0.42413296249583016 0 88  
0.4246961762495852 0 87  
0.4286608390678578 0 86  
0.4316638323688434 0 85  
0.43406691156262295 0 84  
0.435421134637008 0 83  
0.43927194464542163 0 82  
0.4447956035772875 0 81  
0.44645644908277043 0 80  
0.45154430750449515 0 79  
0.45214676298084217 0 78  
0.4644812578361177 0 77  
0.47770022721870975 0 76  
0.492218601766983 0 75  
0.4962372685891298 0 74  
0.5121186774965932 0 73  
0.5155810148547911 0 72  
0.5281505866509725 0 71  
0.5426284603246456 0 70  
0.5440810625544267 0 69  
0.550342589897055 0 68  
0.5651268773498881 0 67  
0.5722290863730608 0 66  
0.5880025003192322 0 65  
0.5917990712589486 0 64  
0.5952097172355815 0 63  
0.611531813489901 0 62  
0.6521120807970555 0 61  
0.6598052542440513 0 60  
0.669331766218115 0 59  
0.6701448865697998 0 58  
0.6744712696487736 0 57  
0.6756400865684794 0 56  
0.6776857453770634 0 55  
0.6849577095466949 0 54  
0.6858744680835528 0 53  
0.6880730384024786 0 52  
0.6908320391266196 0 51  
0.6994341139020265 0 50  
0.7110937961182182 0 49  
0.7224991062693416 0 48  
0.7228456448420257 0 47  
0.7540693128353387 0 46  
0.8026714731158826 0 45  
0.8152323586013207 0 44  
0.8247085347137866 0 43  
0.8353780651489412 0 42  
0.8381461747347452 0 41  
0.8642151893781032 0 40  
0.865965875500039 0 39  
0.8789766320225264 0 38  
0.8812561044470417 0 37  
0.9065886458172223 0 36  
0.9377447297155047 0 35  
0.94003716433398 0 34  
0.9946032994282508 0 33  
1.019663903308536 0 32  
1.0329651436565885 0 31  
1.047110013198547 0 30  
1.0726737139361564 0 29  
1.0835538059326864 0 28  
1.1180143001807041 0 27  
1.1337433534054213 0 26  
1.1532651976527386 0 25  
1.2357385055489931 0 24  
1.2473740354506944 0 23  
1.2522451903472487 0 22  
1.2830690869607149 0 21  
1.2874997348504476 0 20  
1.2897925226252014 0 19  
1.308006490050459 0 18  
1.3412238279263733 0 17  
1.3859146755941227 0 16  
1.3993583784497488 0 15  
1.4079820284390894 0 14  
1.4085742371064234 0 13  
1.486908922982022 0 12  
1.509048997729868 0 11  
1.513651064874377 0 10  
1.5709360688539684 0 9  
1.600163800962953 0 8  
1.6070597596953156 0 7  
1.6265585801446256 0 6  
1.7934231325774315 0 5  
1.9480749479691566 0 4  
2.085668854205631 0 3  
2.102689817895236 0 2  
2.164964061178276 0 1  
2.3392511438145864 0 0  
