4.1677405535936674E-5 0.0
6.075620944618701E-5 0.0
4.083791605197269E-4 0.0
0.0014961255556750043 0.0
0.0019736550951514583 0.0
0.002900529293006493 0.0
0.0029078465234344156 0.0
0.0039015861583993183 0.0
0.006436142671639914 0.0
0.009514622443630346 0.0
0.010664921329293154 0.0
0.011819026505407384 0.0
0.015172946389674969 0.0
0.015346294004721954 0.0
0.015517178563883847 0.0
0.016573256665921684 0.0
0.018286907130874865 0.0
0.01844168891873823 0.0
0.01844177781152915 0.0
0.018607903886266097 0.0
0.01944924767048326 0.0
0.019507545275731366 0.0
0.02004342842358641 0.0
0.02101157336973304 0.0
0.021976944992031355 0.0
0.023206471605230768 0.0
0.026968633228059657 0.0
0.02756721372846836 0.0
0.0284910295086679 0.0
0.029333144372742984 0.0
0.029482352405109057 0.0
0.030613618662207288 0.0
0.03133636311390664 0.0
0.03223467796344218 0.0
0.03230612307986666 0.0
0.03317563469278554 0.0
0.03420358746260662 0.0
0.03647355312103672 0.0
0.03674329159785777 0.0
0.039724183946216934 0.0
0.040172615449975614 0.0
0.04027324153779287 0.0
0.0407631762182583 0.0
0.041091604301026805 0.0
0.04116346943847577 0.0
0.04123610976919209 0.0
0.04243060675087512 0.0
0.043044654414353886 0.0
0.043093232222356254 0.0
0.04313891321397345 0.0
0.043215819991097575 0.0
0.04338531942847406 0.0
0.04751759644876371 0.0
0.04854562322648144 0.0
0.048878404235028476 0.0
0.04941573936553342 0.0
0.0496360401637713 0.0
0.04986070716066055 0.0
0.0508973142905051 0.0
0.05104672114534033 0.0
0.05373250876987259 0.0
0.05377934070543056 0.0
0.054936134215798585 0.0
0.055059193697399623 0.0
0.05587219278018921 0.0
0.056378600586102195 0.0
0.05737329110275109 0.0
0.05749039635767753 0.0
0.05762336079658742 0.0
0.060543646971797926 0.0
0.06162374435858989 0.0
0.0628151774471126 0.0
0.06350437809622252 0.0
0.06405669503383439 0.0
0.06751670186188154 0.0
0.06817733895066322 0.0
0.06978225595349938 0.0
0.07550570885340767 0.0
0.07719259931821525 0.0
0.07773553574633564 0.0
0.07828684219539032 0.0
0.07854629006314623 0.0
0.0789140455053214 0.0
0.07963170561374462 0.0
0.0802792253585584 0.0
0.08197604284394731 0.0
0.083834889375444 0.0
0.08533845943498565 0.0
0.08573714839383596 0.0
0.08601195197898855 0.0
0.08721004834182557 0.0
0.08770112873250173 0.0
0.0889091541659388 0.0
0.089064238022541 0.0
0.08912183767827046 0.0
0.09015296816558332 0.0
0.09086388908890748 0.0
0.09225987865332848 0.0
0.09227457004316693 0.0
0.09458179206649751 0.0
0.09664827090169059 0.0
0.09682006770428102 0.0
0.10011175546626366 0.0
0.10357613588307224 0.0
0.10581100729515944 0.0
0.10729478097524194 0.0
0.10857306136190767 0.0
0.11260705935380683 0.0
0.11649193050676783 0.0
0.11765166604800742 0.0
0.11906163553737048 0.0
0.12159305189850861 0.0
0.12255934109841517 0.0
0.12554131818913464 0.0
0.12602595871838493 0.0
0.1264073270029697 0.0
0.12658583955199598 0.0
0.12660142171367036 0.0
0.1271164491028168 0.0
0.12727771258034817 0.0
0.12825354503129258 0.0
0.12842999605872749 0.0
0.12851336536792154 0.0
0.13017071645981307 0.0
0.13087149851797364 0.0
0.13142709756454515 0.0
0.13290269327323223 0.0
0.13388487352424655 0.0
0.13453011312626637 0.0
0.13638523231626465 0.0
0.13847782182135573 0.0
0.13884542654587775 0.0
0.14409774160478733 0.0
0.14759805208920102 0.0
0.1479410540321057 0.0
0.1487286815866135 0.0
0.15181008405024546 0.0
0.15222830029205117 0.0
0.15316402436953347 0.0
0.15502096032423376 0.0
0.15511790343476575 0.0
0.155811251609889 0.0
0.15739206952561124 0.0
0.1583979525428698 0.0
0.15949485475808464 0.0
0.15967279930069492 0.0
0.1632219889668985 0.0
0.16385165850285574 0.0
0.16555018847736316 0.0
0.16724308613428798 0.0
0.1673025417473138 0.0
0.1689138104651052 0.0
0.17006169239648433 0.0
0.17052800726681605 0.0
0.17165661328890008 0.0
0.1723167567217119 0.0
0.17257729981716635 0.0
0.1727207085176957 0.0
0.17496730347810166 0.0
0.17559200556751003 0.0
0.17702623206564824 0.0
0.17727339821957122 0.0
0.17891388746510586 0.0
0.17917302406874805 0.0
0.18164174731563465 0.0
0.18362956038743253 0.0
0.18469654357356707 0.0
0.18729133434828107 0.0
0.1899189020766194 0.0
0.18997849441715792 0.0
0.19357831547570922 0.0
0.19471428821600661 0.0
0.19495686986203178 0.0
0.19639028296584307 0.0
0.197085481057774 0.0
0.19953981180066577 0.0
0.20001602886827163 0.0
0.20823563987099122 0.0
0.2112563649065706 0.0
0.21130408956426672 0.0
0.21155822411952832 0.0
0.21247024240290155 0.0
0.21512303221255827 0.0
0.21534411493962477 0.0
0.21585035978926498 0.0
0.21770721349149805 0.0
0.21853866554565585 0.0
0.21990072307451936 0.0
0.2209615669109799 0.0
0.2222451038975403 0.0
0.22225248618290558 0.0
0.22279147014951706 0.0
0.2239040519324556 0.0
0.22500279148800248 0.0
0.22865299572979245 0.0
0.2313930180828363 0.0
0.2335172111191084 0.0
0.2341839657244904 0.0
0.23425247099022647 0.0
0.23594105424986794 0.0
0.2360398206812609 0.0
0.23701872756748946 0.0
0.23776779930152234 0.0
0.23983046834736402 0.0
0.24121054099255237 0.0
0.2429504487100192 0.0
0.24338989535417188 0.0
0.24341064825733644 0.0
0.24375837349533092 0.0
0.2454370083101784 0.0
0.24631664947923282 0.0
0.24812851399511288 0.0
0.2502887119597351 0.0
0.2507985364724507 0.0
0.2523729118152627 0.0
0.25330068036734393 0.0
0.2535978274892021 0.0
0.25361897487959584 0.0
0.2541648904897901 0.0
0.2541783191313965 0.0
0.25547498238714056 0.0
0.256528496821872 0.0
0.25961929495234454 0.0
0.2605313681494876 0.0
0.26112342879587586 0.0
0.2627106960707421 0.0
0.2643606279590572 0.0
0.2643611209578403 0.0
0.2653802314574049 0.0
0.2657771163535026 0.0
0.2660579088581354 0.0
0.2676654490818854 0.0
0.2688992583030283 0.0
0.27153397178524247 0.0
0.2739166921109454 0.0
0.2755218380953912 0.0
0.27557911681402497 0.0
0.27709353609413356 0.0
0.27841865146606737 0.0
0.2789771836451763 0.0
0.28057458565396726 0.0
0.28184660802572264 0.0
0.2819395817053784 0.0
0.28327121383754383 0.0
0.28534965386452166 0.0
0.2858586493464143 0.0
0.2876940435115199 0.0
0.28878755300102754 0.0
0.28888648623823454 0.0
0.28951759168016816 0.0
0.29038078067417816 0.0
0.2917937397143406 0.0
0.2947747071606371 0.0
0.29591436424368844 0.0
0.29624542441951024 0.0
0.2965005119729065 0.0
0.2975118033602437 0.0
0.2986356656194609 0.0
0.29866123849443266 0.0
0.29870370754051007 0.0
0.299947147606795 0.0
0.30052976201474296 0.0
0.301133638249844 0.0
0.3037422903683781 0.0
0.30960209876594286 0.0
0.3096496721643373 0.0
0.31051270299308037 0.0
0.31354294706446373 0.0
0.3136994608963147 0.0
0.31378344742522063 0.0
0.315108397700378 0.0
0.3162142409241136 0.0
0.3165512713832539 0.0
0.31757434623025116 0.0
0.3176276394956951 0.0
0.32111431884715574 0.0
0.32334077125896693 0.0
0.3246463324107223 0.0
0.3250966309190771 0.0
0.3257694917228418 0.0
0.3317226981933577 0.0
0.33199416094159223 0.0
0.3323354959218272 0.0
0.3344802927938616 0.0
0.33538199771467325 0.0
0.3360380064419962 0.0
0.3398800117047417 0.0
0.3407419436190273 0.0
0.3411726152945367 0.0
0.34583401963765953 0.0
0.34737197485986787 0.0
0.34981331151216144 0.0
0.3501904405136137 0.0
0.3504845832566355 0.0
0.3519004525071242 0.0
0.35260461822555644 0.0
0.35320832336135793 0.0
0.35406084668455673 0.0
0.356764968553263 0.0
0.3604966869351489 0.0
0.36072751527595265 0.0
0.36542517631756877 0.0
0.3669598870147831 0.0
0.36805560294826917 0.0
0.36815471774255476 0.0
0.3687149845350198 0.0
0.3716035038052847 0.0
0.37284793306482544 0.0
0.3754813653792671 0.0
0.3762322625857572 0.0
0.3770405254821645 0.0
0.3846836283622886 0.0
0.3854395445393881 0.0
0.3865743409411992 0.0
0.38804162049495433 0.0
0.3890347881866476 0.0
0.39007527648980245 0.0
0.3922901681745678 0.0
0.3943952239266818 0.0
0.3944002201129009 0.0
0.39465067439669993 0.0
0.39477733868579684 0.0
0.3955395414542574 0.0
0.3964634914330887 0.0
0.3969077613206771 0.0
0.4049598113930418 0.0
0.4070122422530755 0.0
0.4078510840433274 0.0
0.40917750737662045 0.0
0.4107047911307635 0.0
0.4113177592688947 0.0
0.41165230140731907 0.0
0.41294262473597454 0.0
0.4134908254716762 0.0
0.4179037258946261 0.0
0.418358342159801 0.0
0.41861673738146493 0.0
0.42078925800203754 0.0
0.4218099136903183 0.0
0.4224212488927786 0.0
0.4231403461396431 0.0
0.4237233564884636 0.0
0.42442497774176835 0.0
0.42519986809123805 0.0
0.4265446973432938 0.0
0.4268906112736114 0.0
0.4277878015257424 0.0
0.43015324395937266 0.0
0.43341348470383156 0.0
0.4337212639935478 0.0
0.4365015086417825 0.0
0.4367530075235815 0.0
0.4371143597304176 0.0
0.4382494790383348 0.0
0.4393909527521118 0.0
0.44014405885763047 0.0
0.4409565061503201 0.0
0.44138627343822223 0.0
0.44235681812880295 0.0
0.44269488795390394 0.0
0.44277872130455465 0.0
0.44347548956731614 0.0
0.4441525217545971 0.0
0.44446975884439854 0.0
0.44691935387042403 0.0
0.44779289679648404 0.0
0.44846078715577703 0.0
0.4484907952561629 0.0
0.4487639195502199 0.0
0.45036452599407434 0.0
0.45042689268561187 0.0
0.4551986631076365 0.0
0.4581447929943988 0.0
0.4583581847661203 0.0
0.461171673855507 0.0
0.46503371623111267 0.0
0.4657679877948031 0.0
0.4678772249138018 0.0
0.46850346827328687 0.0
0.4740710686802956 0.0
0.4745778297141963 0.0
0.47517392694899907 0.0
0.47787983742253004 0.0
0.47831945780727464 0.0
0.47851555839889376 0.0
0.4798894370726396 0.0
0.4815433917567504 0.0
0.48397438323848235 0.0
0.48814252699675403 0.0
0.4890000303042518 0.0
0.48916553799493445 0.0
0.49003916719318535 0.0
0.49042875826973054 0.0
0.4934589043934313 0.0
0.49494070563685216 0.0
0.49737974533783263 0.0
0.49779064428047354 0.0
0.5011935738069111 0.0
0.5023374643750875 0.0
0.5048479391555554 0.0
0.5078945922955604 0.0
0.5079550065040225 0.0
0.509092995708923 0.0
0.5105782768850661 0.0
0.5108213534238991 0.0
0.5118242002940332 0.0
0.5132342145500611 0.0
0.5144898667026432 0.0
0.5191809069292443 0.0
0.5227424963198363 0.0
0.5230344037388176 0.0
0.5284474206486931 0.0
0.5287726194911543 0.0
0.5288400812989745 0.0
0.5324899939436489 0.0
0.532721659627501 0.0
0.534319322287273 0.0
0.5354975199142478 0.0
0.5367825538355636 0.0
0.5368951551746773 0.0
0.5371348761752274 0.0
0.5409920507540551 0.0
0.5412743154151732 0.0
0.5451130995595704 0.0
0.5477907464687667 0.0
0.5482788557898728 0.0
0.5499171786127687 0.0
0.5499252095796328 0.0
0.5514823029900309 0.0
0.5523586623210354 0.0
0.5525983228736072 0.0
0.552702397192102 0.0
0.5548118019904237 0.0
0.558942320170334 0.0
0.5591602520913256 0.0
0.5613059313724325 0.0
0.5628060222598702 0.0
0.5629945090691966 0.0
0.564103279123214 0.0
0.5677518084730618 0.0
0.5679576491973549 0.0
0.5684181212357329 0.0
0.5718869046668915 0.0
0.5725105702961978 0.0
0.5736994520917783 0.0
0.5752498425991438 0.0
0.5761351954298626 0.0
0.5762684704316143 0.0
0.5771684885296781 0.0
0.5782892499355768 0.0
0.5798606122898896 0.0
0.5827827948849068 0.0
0.5844606236269011 0.0
0.5852104106302816 0.0
0.5866007536377151 0.0
0.5876157564519771 0.0
0.5877571225106465 0.0
0.589099091249605 0.0
0.5910894284492981 0.0
0.5946845925618194 0.0
0.5966031594394364 0.0
0.5974241973947987 0.0
0.598979984283551 0.0
0.6005312347491876 0.0
0.6034275879088631 0.0
0.6035131591745726 0.0
0.6046117587198254 0.0
0.6079124212021847 0.0
0.6081418608009382 0.0
0.6084795397573525 0.0
0.6098395934070152 0.0
0.6099139819705777 0.0
0.6118973129324656 0.0
0.6121375195570068 0.0
0.6127803478690101 0.0
0.6130465356527041 0.0
0.6135814213903499 0.0
0.6138488519106076 0.0
0.6152408384000744 0.0
0.6175440642310744 0.0
0.6175784057885032 0.0
0.6183191993491549 0.0
0.618675922265712 0.0
0.6233693867930898 0.0
0.6244533776259672 0.0
0.6247128390566223 0.0
0.627861541161084 0.0
0.6279812736808654 0.0
0.6286733119844375 0.0
0.6298197997926884 0.0
0.6326819997927072 0.0
0.6346076525515825 0.0
0.6409946501715725 0.0
0.6416056911957673 0.0
0.6460607470459167 0.0
0.6496955734699595 0.0
0.6549405613988524 0.0
0.6549415629797781 0.0
0.6558471117723093 0.0
0.6559033070423215 0.0
0.6572804503917204 0.0
0.662084501175326 0.0
0.6631227924483997 0.0
0.6664405088471667 0.0
0.6669444500632367 0.0
0.669400891997259 0.0
0.6704581519027853 0.0
0.6713593909480726 0.0
0.6723968055681165 0.0
0.6727753221096539 0.0
0.6736009013796546 0.0
0.6756030290032378 0.0
0.6756049167283787 0.0
0.6756776054453214 0.0
0.6766663148725915 0.0
0.6800445339887419 0.0
0.6826335050744459 0.0
0.6827479563996489 0.0
0.6847257937345772 0.0
0.6850201630477434 0.0
0.688150894287794 0.0
0.6934820448216819 0.0
0.6936368585004777 0.0
0.6942440366497 0.0
0.6965759920471879 0.0
0.697947332431135 0.0
0.6996564830293985 0.0
0.7002847854156745 0.0
0.703860797998032 0.0
0.704901460005811 0.0
0.706745603801787 0.0
0.706820649170288 0.0
0.7076895534716934 0.0
0.7087831316442228 0.0
0.7089963219902615 0.0
0.7104333550216296 0.0
0.7150729206474955 0.0
0.7172414809269083 0.0
0.721290805260102 0.0
0.7226647993753533 0.0
0.7233915909550301 0.0
0.7256868086926024 0.0
0.7286904248055255 0.0
0.7305248897628631 0.0
0.7316323235981029 0.0
0.7335762161154609 0.0
0.7341510597435703 0.0
0.7347058574896888 0.0
0.7353483938927582 0.0
0.7359868521705804 0.0
0.7378457180096435 0.0
0.7385585673550509 0.0
0.7403801635081886 0.0
0.7408242010002052 0.0
0.7410418836198395 0.0
0.7439224198647764 0.0
0.7453454777612647 0.0
0.7465970253288782 0.0
0.7473072619547896 0.0
0.7474306628900999 0.0
0.7476464383947616 0.0
0.7477667455453244 0.0
0.7480557347631553 0.0
0.7487498133920738 0.0
0.7501425651348398 0.0
0.7502687326279524 0.0
0.7513724456634147 0.0
0.7523864326171114 0.0
0.7538651997770257 0.0
0.7548491425377363 0.0
0.7555735706880006 0.0
0.7559448349106783 0.0
0.7593770363364665 0.0
0.7603442192362467 0.0
0.7612960630427594 0.0
0.7631713434096578 0.0
0.7633554801385869 0.0
0.7667468229973523 0.0
0.7684560393356817 0.0
0.7740328731504428 0.0
0.7758537257720011 0.0
0.7798976868369252 0.0
0.7806488368334987 0.0
0.7812357198331077 0.0
0.7816028126956894 0.0
0.781877415379922 0.0
0.7820253219196481 0.0
0.783383382900141 0.0
0.7856163434185984 0.0
0.7921184447888826 0.0
0.7924421918718763 0.0
0.7961205791818137 0.0
0.7974436513939717 0.0
0.7995751595584846 0.0
0.7999095492257465 0.0
0.8000473891478005 0.0
0.8016339492408149 0.0
0.8019127662243241 0.0
0.8021016111876917 0.0
0.8048368736968529 0.0
0.8058276647832635 0.0
0.8063328367475566 0.0
0.8092725695444337 0.0
0.8095073158169434 0.0
0.8101285270181114 0.0
0.8150108828530785 0.0
0.8150220633126322 0.0
0.8150418392438187 0.0
0.8159695858025482 0.0
0.8161028433114528 0.0
0.8162305309912034 0.0
0.8181718498265621 0.0
0.8193652150449622 0.0
0.8240729798927375 0.0
0.8253821363689284 0.0
0.8281594536338688 0.0
0.8291549006179503 0.0
0.831745982230957 0.0
0.8329129285480248 0.0
0.8334464465487054 0.0
0.8337048083880996 0.0
0.8341613324615128 0.0
0.8356532319464368 0.0
0.8368028123389392 0.0
0.8368659870352576 0.0
0.837675810034501 0.0
0.8382044703511579 0.0
0.838265364437113 0.0
0.8386759101225599 0.0
0.8394321126756698 0.0
0.8394380876309981 0.0
0.8399805862970146 0.0
0.8411826537882203 0.0
0.8420937172911663 0.0
0.8438506103929014 0.0
0.8457812457935432 0.0
0.8466411795422968 0.0
0.8476970371379731 0.0
0.8481483275741731 0.0
0.848580508476715 0.0
0.8486597488691358 0.0
0.8488707258674031 0.0
0.8491913865724062 0.0
0.8494581847541297 0.0
0.8497482174125086 0.0
0.8505960032495096 0.0
0.858243939449388 0.0
0.8588337858465076 0.0
0.859379910926638 0.0
0.8596040494298994 0.0
0.8597722931785967 0.0
0.8605535065342335 0.0
0.860992301788728 0.0
0.8626599529057853 0.0
0.865964810835095 0.0
0.8660754936942081 0.0
0.870187102366467 0.0
0.8729970351607065 0.0
0.8730370980964435 0.0
0.8736460903167285 0.0
0.8749162886620157 0.0
0.8755286142906749 0.0
0.8769508913540248 0.0
0.8776980205834151 0.0
0.8795044006905722 0.0
0.8815735354972308 0.0
0.8818093672241305 0.0
0.8828526349508334 0.0
0.883676389388666 0.0
0.8841312255308059 0.0
0.8857624097405582 0.0
0.8866423290219185 0.0
0.8866910339523841 0.0
0.8883283229475675 0.0
0.8884513767220434 0.0
0.8900828644158079 0.0
0.8900887753065092 0.0
0.8908112187025521 0.0
0.8919943898560494 0.0
0.892506913323867 0.0
0.8955288946826593 0.0
0.8955536448612752 0.0
0.8963197384704806 0.0
0.8988722647718708 0.0
0.900289920306913 0.0
0.9004680091150897 0.0
0.90257233701071 0.0
0.9031584573807567 0.0
0.9043176279189821 0.0
0.905027548783531 0.0
0.9076890040315957 0.0
0.9080778100075519 0.0
0.9090147615484409 0.0
0.9097193314141253 0.0
0.9125859247113023 0.0
0.9128489459640275 0.0
0.914501720147061 0.0
0.9171676402971284 0.0
0.9190713919935932 0.0
0.9208432428969229 0.0
0.9217259453310817 0.0
0.9253251098793089 0.0
0.9259157320912331 0.0
0.9265828795806819 0.0
0.927532282915714 0.0
0.9301625649767054 0.0
0.9305369531748828 0.0
0.9331782727708824 0.0
0.9362660220671513 0.0
0.9393376932112951 0.0
0.9395663347643188 0.0
0.9401294564124084 0.0
0.9407752456967988 0.0
0.9414277502473749 0.0
0.9424897721237355 0.0
0.9443806046900785 0.0
0.9449912011530793 0.0
0.9455904487737286 0.0
0.9470841397369592 0.0
0.9477302071330368 0.0
0.948978370241232 0.0
0.9525453952955382 0.0
0.9595889062133117 0.0
0.9620125846851649 0.0
0.9628570420754232 0.0
0.9636835717840059 0.0
0.9677126333345497 0.0
0.9681661113745966 0.0
0.9700885673995114 0.0
0.970837703380548 0.0
0.9724316409689511 0.0
0.9736902807013321 0.0
0.974745880732272 0.0
0.9760190706570443 0.0
0.9761586162553155 0.0
0.9801713553820209 0.0
0.9806933657505931 0.0
0.9810605734703073 0.0
0.9814936825594656 0.0
0.9819552450721178 0.0
0.9826358358297715 0.0
0.9843444558758626 0.0
0.9848761316985392 0.0
0.9853258848666494 0.0
0.9862337913347571 0.0
0.9865875521122667 0.0
0.9884452803934843 0.0
0.9934074941140217 0.0
0.9977513165628524 0.0
1.0008630295261027 0.0
1.0012304417902917 0.0
1.001622323829849 0.0
1.002024381457143 0.0
1.003843930820535 0.0
1.0048846422610649 0.0
1.0057305117519255 0.0
1.005881822755561 0.0
1.0064787514862876 0.0
1.010031267322029 0.0
1.010446690041964 0.0
1.0106929825874338 0.0
1.01102527202319 0.0
1.0124088939520803 0.0
1.013347862701752 0.0
1.0136407277213908 0.0
1.0141387655125875 0.0
1.0144081519469108 0.0
1.0148118999121658 0.0
1.015113420332846 0.0
1.0152012928856087 0.0
1.016017326151702 0.0
1.0160436692736752 0.0
1.0161826205321212 0.0
1.016273483495416 0.0
1.01643147173032 0.0
1.017253502728985 0.0
1.0174348259651718 0.0
1.018878206545048 0.0
1.0212840833982486 0.0
1.0214845258207501 0.0
1.022066876644265 0.0
1.023107303712061 0.0
1.0240912603447925 0.0
1.0255069924057918 0.0
1.0271189973347294 0.0
1.0274014004224092 0.0
1.030541261491305 0.0
1.0310648547950263 0.0
1.0325303909628532 0.0
1.036159107948362 0.0
1.036899525045812 0.0
1.0370642089471074 0.0
1.0374058443256429 0.0
1.0383062240720895 0.0
1.0392784709274896 0.0
1.0407225500586266 0.0
1.0407325493253938 0.0
1.0408106341900398 0.0
1.0428247849964754 0.0
1.0438066824958858 0.0
1.0445061452908124 0.0
1.045859985358119 0.0
1.046026756655978 0.0
1.0461394189438964 0.0
1.046977301406772 0.0
1.0477005516151339 0.0
1.049189263080081 0.0
1.0504903153858385 0.0
1.0513225184943782 0.0
1.0535689246545017 0.0
1.0560236225266182 0.0
1.0570926304521842 0.0
1.057917173162533 0.0
1.059259523558087 0.0
1.0599832314499524 0.0
1.0614205678993207 0.0
1.0632619147155828 0.0
1.0664926495907165 0.0
1.0669733133376311 0.0
1.0703995261510881 0.0
1.0708558859844937 0.0
1.0728427479655234 0.0
1.0741063406900198 0.0
1.0761021379568498 0.0
1.076877268522719 0.0
1.0786653998342695 0.0
1.082181062222343 0.0
1.0840673364206035 0.0
1.0851794120720464 0.0
1.0863269888291094 0.0
1.0868342391033639 0.0
1.0880987024044664 0.0
1.0888377211129117 0.0
1.0894507997691623 0.0
1.0897948955544075 0.0
1.0905282230895332 0.0
1.0906663780334511 0.0
1.0909066837677348 0.0
1.092010440890452 0.0
1.092829444225797 0.0
1.0936191566420994 0.0
1.0938490710667799 0.0
1.0951703147157952 0.0
1.0954014558324916 0.0
1.0962268633236671 0.0
1.0964668514581979 0.0
1.0965371194047275 0.0
1.0973536075369463 0.0
1.098203225706087 0.0
1.1009874416505774 0.0
1.1023428293726676 0.0
1.1024889016440818 0.0
1.1034752172892668 0.0
1.1036007853562104 0.0
1.103729922958702 0.0
1.104728005356779 0.0
1.1076590086367526 0.0
1.1081523652528857 0.0
1.108182004587981 0.0
1.108197917803541 0.0
1.111933655366524 0.0
1.1128369611902305 0.0
1.1129741284107113 0.0
1.113225756756214 0.0
1.1154335948259557 0.0
1.1156424161568 0.0
1.116648352131302 0.0
1.1167859584410433 0.0
1.1173948161426994 0.0
1.1181794708051576 0.0
1.1195350562811428 0.0
1.1228302505098693 0.0
1.1228457965130145 0.0
1.124488993685561 0.0
1.1247464660554547 0.0
1.125133244017504 0.0
1.1268432832342268 0.0
1.1272760653844693 0.0
1.128268121592293 0.0
1.129729836898325 0.0
1.1306144124884634 0.0
1.131336177095193 0.0
1.1346554157489983 0.0
1.1352488813891133 0.0
1.135677299864295 0.0
1.1372323777390716 0.0
1.1377116008073351 0.0
1.1410167779139293 0.0
1.143159442180884 0.0
1.145187548405847 0.0
1.1486328862857227 0.0
1.1491796807690597 0.0
1.150671083270818 0.0
1.1511297194345003 0.0
1.1516047243114493 0.0
1.154315389815091 0.0
1.155281698005667 0.0
1.161351196712524 0.0
1.1614661629951428 0.0
1.161791745212892 0.0
1.1632123409408734 0.0
1.1641612722245 0.0
1.1665409982099588 0.0
1.1673491305584225 0.0
1.1709774977951968 0.0
1.171955392820092 0.0
1.173100066821852 0.0
1.1738876785241188 0.0
1.1739249130627083 0.0
1.1746037644901408 0.0
1.1757523976116575 0.0
1.1783851676952568 0.0
1.1788929025496997 0.0
1.1802808589468505 0.0
1.1803631952714686 0.0
1.1812070714020513 0.0
1.1815331601295707 0.0
1.182896877870503 0.0
1.1843347628786642 0.0
1.1849279534633523 0.0
1.1869179348160017 0.0
1.1876415846896344 0.0
1.1879335461675333 0.0
1.1886126578855238 0.0
1.193246612322199 0.0
1.1945937365313934 0.0
1.195461921343386 0.0
1.1958960488362973 0.0
1.196929862699578 0.0
1.1974877999958098 0.0
1.1975513404926015 0.0
1.197727407053993 0.0
1.199621735709551 0.0
1.2004588153360551 0.0
1.2004849363875498 0.0
1.2006416589699076 0.0
1.2010050065365565 0.0
1.201043260293819 0.0
1.2012706111783156 0.0
1.2015266031276122 0.0
1.2025000188022088 0.0
1.2027194015316376 0.0
1.2033854986190868 0.0
1.2036138222019863 0.0
1.2036532375712619 0.0
1.2036801966580262 0.0
1.203887296795871 0.0
1.2080138941030978 0.0
1.2092621649787003 0.0
1.2106873293217721 0.0
1.2107191595499454 0.0
1.2108838557014239 0.0
1.2122653332109448 0.0
1.213508124376858 0.0
1.2139247435670657 0.0
1.2159641180037264 0.0
1.216275434285778 0.0
1.2171779269222744 0.0
1.218666592751122 0.0
1.219228252271286 0.0
1.2198787199691827 0.0
1.2199867739428831 0.0
1.2202792247986909 0.0
1.2218700100405855 0.0
1.2245832710831985 0.0
1.2253336324001756 0.0
1.2265630285873927 0.0
1.227818575120661 0.0
1.228031242661522 0.0
1.2288553962787774 0.0
1.229838645121677 0.0
1.2302818013736299 0.0
1.230358428177938 0.0
1.230908447701492 0.0
1.231416101955465 0.0
1.231644699761313 0.0
1.2334538829546915 0.0
1.2353790075157467 0.0
1.2374963249019328 0.0
1.237520021434454 0.0
1.2393666231421727 0.0
1.239386654796296 0.0
1.2408097976993728 0.0
1.2438752312013543 0.0
1.2441451524573206 0.0
1.2442526855706972 0.0
1.245489488227678 0.0
1.2461744232536904 0.0
1.2469808202221784 0.0
1.2480209827307462 0.0
1.2485666494101373 0.0
1.2500310206664238 0.0
1.250403205505404 0.0
1.2526682693425413 0.0
1.253356390600242 0.0
1.2534668320003368 0.0
1.2534753792312152 0.0
1.253809233145928 0.0
1.2549837876852983 0.0
1.2556203666814443 0.0
1.2567270367545023 0.0
1.2586548096647918 0.0
1.25938053549284 0.0
1.260812324460461 0.0
1.2608201609694047 0.0
1.260996079153836 0.0
1.2629197594203296 0.0
1.2632200945533745 0.0
1.2639578340716586 0.0
1.266962668422958 0.0
1.2691080658010006 0.0
1.2691346452299241 0.0
1.2692117622730419 0.0
1.2699628032217998 0.0
1.270691074333128 0.0
1.2714383497102706 0.0
1.2719416923176206 0.0
1.2725305751169298 0.0
1.2745840232087022 0.0
1.2757087317859745 0.0
1.2757851376612728 0.0
1.2776198732832862 0.0
1.277914246976946 0.0
1.2799788363548819 0.0
1.280149623110795 0.0
1.2801897272186593 0.0
1.280706416346912 0.0
1.2809309431462907 0.0
1.281186690544211 0.0
1.2842662994992275 0.0
1.2847516640776264 0.0
1.2851827035147383 0.0
1.2857825148313147 0.0
1.2858887486770907 0.0
1.286641279324475 0.0
1.287332746421274 0.0
1.2874148701730521 0.0
1.2876381388714189 0.0
1.2881988454520161 0.0
1.2882188437352426 0.0
1.2898843896748184 0.0
1.290582892828948 0.0
1.2906227143317868 0.0
1.2920063879213923 0.0
1.2927488035585482 0.0
1.2930512243921233 0.0
1.2945692575965313 0.0
1.294775160990102 0.0
1.2963189946613864 0.0
1.2967553890561243 0.0
1.2968306129489187 0.0
1.2968695113528528 0.0
1.297492399826383 0.0
1.2982999246299713 0.0
1.29901180556154 0.0
1.3001089513180732 0.0
1.3005044431635517 0.0
1.301036799610905 0.0
1.3016292971830397 0.0
1.3018302408506919 0.0
1.3018532850230289 0.0
1.3018576063892753 0.0
1.3034480470117735 0.0
1.304299669430874 0.0
1.30437691951606 0.0
1.3047976004162498 0.0
1.3049951886611362 0.0
1.3065691860771778 0.0
1.307212136151791 0.0
1.307620790503918 0.0
1.3081831954523355 0.0
1.3093727919482459 0.0
1.3109598158172637 0.0
1.3113282181656676 0.0
1.3114720267676185 0.0
1.312527627768314 0.0
1.313502532321553 0.0
1.3136673134058297 0.0
1.3152701417203907 0.0
1.3157221667878043 0.0
1.3167412183194083 0.0
1.3190343399051636 0.0
1.3201182036446912 0.0
1.3213083858425616 0.0
1.322878024273897 0.0
1.3249725518886544 0.0
1.326399362729007 0.0
1.327550064647943 0.0
1.3281832016359953 0.0
1.330714677643057 0.0
1.3308915064444526 0.0
1.3324263900465065 0.0
1.3331711801077228 0.0
1.333662351359296 0.0
1.3339168885772332 0.0
1.3346826267779786 0.0
1.3357328162209214 0.0
1.336619121994347 0.0
1.3366347228410864 0.0
1.3370045274510403 0.0
1.3376035898110203 0.0
1.3380448960281663 0.0
1.3398745741711844 0.0
1.340894653202137 0.0
1.3419608626634147 0.0
1.3425330964712605 0.0
1.3433640943257776 0.0
1.344797241282237 0.0
1.3465330497097554 0.0
1.3465875897546362 0.0
1.3468184503563805 0.0
1.347443254314536 0.0
1.3486115904170115 0.0
1.3505385476887406 0.0
1.3508740862903146 0.0
1.3534754242823943 0.0
1.3535498722673467 0.0
1.3538203199720458 0.0
1.3548552412573502 0.0
1.3551373469030605 0.0
1.3566322586632447 0.0
1.3569304603356 0.0
1.3572800193493277 0.0
1.3577832968888903 0.0
1.3582605748657717 0.0
1.3585171034683892 0.0
1.3595253229232063 0.0
1.3607974637481917 0.0
1.3609822155267517 0.0
1.361350162975735 0.0
1.3616612759169135 0.0
1.3633706469614157 0.0
1.365596188673422 0.0
1.3671456142094622 0.0
1.3684188662977075 0.0
1.3720125281427027 0.0
1.372173804129406 0.0
1.3728077155014073 0.0
1.3750771381168205 0.0
1.3750856942200023 0.0
1.375759279858941 0.0
1.375850993817863 0.0
1.3762097875015356 0.0
1.3773346045046995 0.0
1.378849241271249 0.0
1.3807989030897794 0.0
1.383294621441369 0.0
1.383333825394768 0.0
1.3836866023013654 0.0
1.3838253331684292 0.0
1.3839271521052388 0.0
1.3857163222034898 0.0
1.3859353680395254 0.0
1.386332259587905 0.0
1.386612279782308 0.0
1.3882468891041884 0.0
1.3883587300242874 0.0
1.388921121694027 0.0
1.3897562779794903 0.0
1.3906684581123032 0.0
1.3923853767275385 0.0
1.3927078281654055 0.0
1.3928878888017413 0.0
1.3938869920645554 0.0
1.39541575383407 0.0
1.3972046355836278 0.0
1.3975694580137754 0.0
1.3979136737751439 0.0
1.3991204583171397 0.0
1.3995323256208088 0.0
1.4004078740444212 0.0
1.400451903308443 0.0
1.4018804110941827 0.0
1.4019546709244681 0.0
1.402180368627378 0.0
1.4022895165260385 0.0
1.4025114320351881 0.0
1.4027427158852521 0.0
1.4032401818118274 0.0
1.4033264129549223 0.0
1.403739571350771 0.0
1.4042892700812604 0.0
1.4052719078949087 0.0
1.4053982654038704 0.0
1.4056778381849024 0.0
1.4058057517854359 0.0
1.406600809828243 0.0
1.4071825971934913 0.0
1.4080923622628299 0.0
1.409543326918307 0.0
1.410214103574989 0.0
1.4124089153771708 0.0
1.4127282236438359 0.0
1.414057261613584 0.0
1.4142325601159402 0.0
1.414413738307665 0.0
1.4149203207940237 0.0
1.4151886199798032 0.0
1.4153139895629527 0.0
1.4159319195576823 0.0
1.4162462217122764 0.0
1.416250800111008 0.0
1.4167538836472617 0.0
1.4170480023151082 0.0
1.4178705647883822 0.0
1.4188701630420557 0.0
1.420182972141706 0.0
1.4206584649660028 0.0
1.4230507128440268 0.0
1.4238243267882849 0.0
1.42400338886056 0.0
1.4248863145821444 0.0
1.425161890177068 0.0
1.4270459006506808 0.0
1.4275560315051579 0.0
1.4286831788014316 0.0
1.4287500846855872 0.0
1.4291480485700339 0.0
1.429618935502486 0.0
1.430092808897544 0.0
1.4310480698885502 0.0
1.4310839429436018 0.0
1.4311273425209268 0.0
1.4315811426132352 0.0
1.4328973125423445 0.0
1.4333293202156208 0.0
1.4333376027695186 0.0
1.4341780755749292 0.0
1.4356607277927949 0.0
1.4364857850088806 0.0
1.4372021737545488 0.0
1.4376935813885203 0.0
1.4396220037718592 0.0
1.439682467207467 0.0
1.4402789866973928 0.0
1.4415506186465452 0.0
1.4433084393723183 0.0
1.445705663721262 0.0
1.4475084394061901 0.0
1.4477238540509574 0.0
1.4478519841579276 0.0
1.4479092548875903 0.0
1.4521901401362098 0.0
1.4539326693399408 0.0
1.4539874105502875 0.0
1.4541538520305857 0.0
1.4548743634030563 0.0
1.455668076383903 0.0
1.4558371036359576 0.0
1.4572187532774084 0.0
1.4594292990116058 0.0
1.459962251891901 0.0
1.4610902572550417 0.0
1.4615641956763223 0.0
1.4616386178792964 0.0
1.4621145901799018 0.0
1.4636726992868787 0.0
1.4638218299307886 0.0
1.4645789652980277 0.0
1.4652566311972421 0.0
1.4662939472106866 0.0
1.4663754878516524 0.0
1.466401795449054 0.0
1.4667020806058295 0.0
1.4689409763251184 0.0
1.4691785893549767 0.0
1.4693341151138581 0.0
1.4697702687848413 0.0
1.4712768227701183 0.0
1.4721197081456798 0.0
1.4732074417844467 0.0
1.4732232112231853 0.0
1.4747887161333322 0.0
1.474873080442562 0.0
1.475159304081026 0.0
1.4760561941070602 0.0
1.4768983457636686 0.0
1.4789060044032567 0.0
1.4791176445707932 0.0
1.4791633092064016 0.0
1.4812088004691841 0.0
1.4812992333685278 0.0
1.481304879084563 0.0
1.4817543618923972 0.0
1.4827225132321393 0.0
1.4835245702746516 0.0
1.4841729442863405 0.0
1.4858779221767764 0.0
1.4885105436052297 0.0
1.4893938834052922 0.0
1.4900464821198511 0.0
1.4927986167696699 0.0
1.4934518826898666 0.0
1.4958484205395823 0.0
1.4965964460369638 0.0
1.4995382533914614 0.0
1.500089194855467 0.0
1.5005722183494286 0.0
1.5015868688750917 0.0
1.5019629256604565 0.0
1.5030498355529636 0.0
1.5034764821184532 0.0
1.50421321154111 0.0
1.505620446056587 0.0
1.507201667170219 0.0
1.5072965086516605 0.0
1.5081694156910816 0.0
1.5085260586178508 0.0
1.508655579385772 0.0
1.5091684025545962 0.0
1.5113104928190957 0.0
1.5118131458636315 0.0
1.5132597364750164 0.0
1.5138360645287443 0.0
1.5142670941301188 0.0
1.5157410794034694 0.0
1.516570943319469 0.0
1.5171463749338547 0.0
1.5172190528628389 0.0
1.51728188538559 0.0
1.5183199543662755 0.0
1.519425245663596 0.0
1.5200884566470303 0.0
1.5202111591391751 0.0
1.5221888522112048 0.0
1.5239523325095157 0.0
1.5252048797256994 0.0
1.5264776225457026 0.0
1.5264931326029418 0.0
1.5269193533282306 0.0
1.5277208524597763 0.0
1.5304410068504608 0.0
1.5314712539181983 0.0
1.5324776092257126 0.0
1.5333857313531691 0.0
1.5373085715407677 0.0
1.5390279479415827 0.0
1.539056218395873 0.0
1.5394764070216738 0.0
1.5399097813106795 0.0
1.5401052641399764 0.0
1.5402530110877435 0.0
1.5428998610479268 0.0
1.543020980369975 0.0
1.543446830420128 0.0
1.5439926631036116 0.0
1.5467043228524502 0.0
1.5477879533005736 0.0
1.5491005738739916 0.0
1.5496002079527937 0.0
1.5550932967849287 0.0
1.5557441937059382 0.0
1.555848655440343 0.0
1.55600049249913 0.0
1.5562798536759304 0.0
1.556851292449695 0.0
1.556865502214048 0.0
1.5570667885885061 0.0
1.5587197058985003 0.0
1.5592851410703101 0.0
1.5593427800269555 0.0
1.560021357348096 0.0
1.5621597296303085 0.0
1.562730073547936 0.0
1.5673043207782749 0.0
1.5675801647770264 0.0
1.5678473309180758 0.0
1.5679149831805022 0.0
1.567941985155173 0.0
1.5681219570182925 0.0
1.5687807360209753 0.0
1.5693887773656587 0.0
1.5707154305995534 0.0
1.571552859888344 0.0
1.571634633515321 0.0
1.5718973753307617 0.0
1.572010323409634 0.0
1.5730627422924088 0.0
1.5730628035898142 0.0
1.574552923821871 0.0
1.5763919131043989 0.0
1.5793825951115525 0.0
1.5801454387855012 0.0
1.580440743666166 0.0
1.5804614181788181 0.0
1.581289629939721 0.0
1.5817512031091234 0.0
1.5834614245751706 0.0
1.5840125981464335 0.0
1.5844245929352603 0.0
1.5858353189314713 0.0
1.5862654004515908 0.0
1.5867952364407047 0.0
1.586931212312791 0.0
1.587875245583015 0.0
1.5886863385082672 0.0
1.5887610150091582 0.0
1.5896953126838265 0.0
1.5898871192543926 0.0
1.5900822200613027 0.0
1.5904344247067481 0.0
1.5910708578692572 0.0
1.5911647535428943 0.0
1.5933509177950582 0.0
1.5935098335290372 0.0
1.59442770327563 0.0
1.5950090070199467 0.0
1.595401222020862 0.0
1.5960284220048206 0.0
1.5963146960601737 0.0
1.5964190596161827 0.0
1.5976510287867314 0.0
1.598264434360188 0.0
1.5984107519003574 0.0
1.6008023385232895 0.0
1.6008312945437635 0.0
1.6008443599835191 0.0
1.6010382939629184 0.0
1.6011071531706353 0.0
1.6020374076394794 0.0
1.603047140782548 0.0
1.6056066451996143 0.0
1.6060630773031068 0.0
1.6076027887656725 0.0
1.6090922548429 0.0
1.6095052439967195 0.0
1.6096404983743917 0.0
1.6106835115649 0.0
1.6115138204009152 0.0
1.611763146071088 0.0
1.6121878349919676 0.0
1.6128916361265548 0.0
1.612940796220995 0.0
1.6130094815831106 0.0
1.6132320779303506 0.0
1.6143596793384063 0.0
1.6166550013635528 0.0
1.6166774078073798 0.0
1.6168801281416363 0.0
1.618199925447673 0.0
1.6182523958168558 0.0
1.618372357721085 0.0
1.6186476426694725 0.0
1.6201026025366536 0.0
1.6202540109321812 0.0
1.6202927724754665 0.0
1.6204276417454424 0.0
1.621456065972118 0.0
1.621863221494761 0.0
1.6225033731544247 0.0
1.6225763939564242 0.0
1.624364577906057 0.0
1.625649620649212 0.0
1.6259328479554624 0.0
1.626663209912356 0.0
1.6280626095065043 0.0
1.6295199100138213 0.0
1.6298818804853945 0.0
1.630422140589639 0.0
1.6311453411257966 0.0
1.6314998604021638 0.0
1.6316213266750872 0.0
1.6316230233000861 0.0
1.6318240311398002 0.0
1.6320110839629038 0.0
1.6321857868473646 0.0
1.6324801391492085 0.0
1.6325992256771618 0.0
1.6333826623886136 0.0
1.633796741243316 0.0
1.6339653824399016 0.0
1.6345269444021517 0.0
1.63472991725936 0.0
1.635672747488891 0.0
1.6357240387137195 0.0
1.6365533651676856 0.0
1.637950584589332 0.0
1.6384438167164643 0.0
1.639993858640746 0.0
1.6418015644539516 0.0
1.6427323103571847 0.0
1.6427940690527905 0.0
1.6429037594199651 0.0
1.6436597368563386 0.0
1.644033830916703 0.0
1.64437848459511 0.0
1.6443892909903934 0.0
1.6444709180451604 0.0
1.6448209673672627 0.0
1.6454428532024143 0.0
1.6462180993971645 0.0
1.6468656313696712 0.0
1.6485485073465034 0.0
1.6493005787424952 0.0
1.649381377998036 0.0
1.6508294990025674 0.0
1.6515851784452735 0.0
1.6516304223462461 0.0
1.6522699654174575 0.0
1.6539570470307108 0.0
1.6544575878590415 0.0
1.654890348799595 0.0
1.6551992429389812 0.0
1.6554065692915232 0.0
1.6555713752108414 0.0
1.6556824284633898 0.0
1.6572110636006216 0.0
1.6577037492996467 0.0
1.6586034592346013 0.0
1.6586085554195311 0.0
1.6589379519412795 0.0
1.659156660380934 0.0
1.660801011471776 0.0
1.6613170061732525 0.0
1.6620507983491934 0.0
1.6627593344935203 0.0
1.6631293416565105 0.0
1.6646774612504653 0.0
1.66560188871388 0.0
1.6657261514991282 0.0
1.6662289815433935 0.0
1.6663284071311322 0.0
1.666836905941604 0.0
1.6675221482350968 0.0
1.6678881535047818 0.0
1.6678984853444607 0.0
1.6687056639393039 0.0
1.669046514041343 0.0
1.6693443715635756 0.0
1.669640426298627 0.0
1.670093676478933 0.0
1.6701963224940863 0.0
1.6703567288137122 0.0
1.6715652213837862 0.0
1.671979434605895 0.0
1.6728820206682848 0.0
1.673576515132541 0.0
1.6737055312777458 0.0
1.6738114327846503 0.0
1.6741868232007577 0.0
1.6745781628635361 0.0
1.6747251981271256 0.0
1.6747636152313221 0.0
1.6750932101413674 0.0
1.6754087187213766 0.0
1.6761330265809 0.0
1.6762452790609714 0.0
1.6766048841563603 0.0
1.67670628488831 0.0
1.6769376347382017 0.0
1.677718795028582 0.0
1.6792243382872822 0.0
1.6806357839058736 0.0
1.68070718706745 0.0
1.6807334767595 0.0
1.6819085014197939 0.0
1.6820504769372417 0.0
1.6821102956282339 0.0
1.6835948822037856 0.0
1.683755168501637 0.0
1.6840819572960937 0.0
1.6855027782296803 0.0
1.687604678835485 0.0
1.6881675433339747 0.0
1.6883351564896574 0.0
1.688741374547078 0.0
1.6889483039710318 0.0
1.6892300544656662 0.0
1.6894685928196944 0.0
1.6906313833341218 0.0
1.6928472786443176 0.0
1.6928587220698346 0.0
1.6944955487205315 0.0
1.6966511465147815 0.0
1.6969116593133682 0.0
1.6971171272521874 0.0
1.7016620397006186 0.0
1.7021689525867854 0.0
1.7032624101705442 0.0
1.7033381778069847 0.0
1.7039993289715225 0.0
1.7051144884336005 0.0
1.7059771696638175 0.0
1.7060997644123468 0.0
1.706387332639411 0.0
1.7064803251821241 0.0
1.7067941481501259 0.0
1.7069818189502528 0.0
1.7075908503377348 0.0
1.7081762267060934 0.0
1.708253478614788 0.0
1.7083649652615611 0.0
1.7085458658271415 0.0
1.708699748658846 0.0
1.7089766886603797 0.0
1.7093651095153122 0.0
1.7095781666072962 0.0
1.7103622090574842 0.0
1.7104672608124916 0.0
1.71238584278541 0.0
1.7136078752032398 0.0
1.7136437578551829 0.0
1.7141718281047782 0.0
1.7143630050618806 0.0
1.7147253421644244 0.0
1.71544202078672 0.0
1.7159876876573252 0.0
1.7161697911572498 0.0
1.7165242605860402 0.0
1.716841172588887 0.0
1.7170273286949085 0.0
1.7172872367827063 0.0
1.7174217085556431 0.0
1.7183172086550933 0.0
1.7185701215942217 0.0
1.7196143743701204 0.0
1.720754362058191 0.0
1.7209121539102015 0.0
1.7210358609905854 0.0
1.7219826354555992 0.0
1.7220726200986465 0.0
1.7224116136410141 0.0
1.7224581917370991 0.0
1.722732971069386 0.0
1.7228017770953323 0.0
1.7232270384077066 0.0
1.7233295216386328 0.0
1.7238114017886226 0.0
1.7238158684491178 0.0
1.7245895284319095 0.0
1.7252935168307129 0.0
1.726687230996142 0.0
1.7275196684110854 0.0
1.7282588638167724 0.0
1.72899308481624 0.0
1.7294708542556765 0.0
1.7305314790399473 0.0
1.731190046920461 0.0
1.7315880086345028 0.0
1.7316528656021313 0.0
1.7321784008456953 0.0
1.7327672389071958 0.0
1.733464408543792 0.0
1.733712532230005 0.0
1.7339023980525314 0.0
1.7339325729005337 0.0
1.734260671022079 0.0
1.7351677794582696 0.0
1.735480120354814 0.0
1.7365842511509126 0.0
1.7367564230110466 0.0
1.7370702236778013 0.0
1.7381446626315304 0.0
1.7383253416062814 0.0
1.7385111066337535 0.0
1.7389931010042907 0.0
1.7395178913214056 0.0
1.7401739695434124 0.0
1.7403836105059767 0.0
1.7406940118466485 0.0
1.7421896222771582 0.0
1.742267266673813 0.0
1.7428579014031318 0.0
1.7431229446167529 0.0
1.7435156644663918 0.0
1.744185796649622 0.0
1.744505379602918 0.0
1.7445329203287867 0.0
1.7473657069538233 0.0
1.7490775550015094 0.0
1.7494851130673232 0.0
1.7497890652594374 0.0
1.7501476132923863 0.0
1.7501740383787783 0.0
1.7502395961656738 0.0
1.7505270000234285 0.0
1.7509092842598788 0.0
1.7509311392011955 0.0
1.751270145926762 0.0
1.7518236688368676 0.0
1.7523956695005571 0.0
1.75255039449918 0.0
1.752845073349615 0.0
1.7534858542601817 0.0
1.7549198976825433 0.0
1.755281114758257 0.0
1.7557741927531876 0.0
1.7562884739056506 0.0
1.7568156205408119 0.0
1.7577828004096319 0.0
1.7582018465202331 0.0
1.760229979537937 0.0
1.760718790440841 0.0
1.7607270763983607 0.0
1.7608666269259279 0.0
1.7623899046729548 0.0
1.7624724390438173 0.0
1.7628227022130454 0.0
1.7628884951279564 0.0
1.763150908722572 0.0
1.7638590843054776 0.0
1.7640226036541666 0.0
1.7647375367597484 0.0
1.7649089331820145 0.0
1.7650784931786936 0.0
1.7654115123831857 0.0
1.7672065548192044 0.0
1.7676145652424167 0.0
1.767624915130322 0.0
1.7680658607523005 0.0
1.76888002297414 0.0
1.768997338631253 0.0
1.769162030934635 0.0
1.769205858787284 0.0
1.769742660044516 0.0
1.7700703529812118 0.0
1.7708014625422668 0.0
1.7709434789548417 0.0
1.77112128703229 0.0
1.7712831581969593 0.0
1.7718699886723235 0.0
1.7731710899918578 0.0
1.7732779568917811 0.0
1.7734930258752395 0.0
1.7735884721681376 0.0
1.7736277570408032 0.0
1.77412429423714 0.0
1.7744605536522355 0.0
1.774498504363603 0.0
1.7756094348310378 0.0
1.776249829048309 0.0
1.7765251359856669 0.0
1.7771413730390475 0.0
1.7773108001254534 0.0
1.778265279183261 0.0
1.7783044343941308 0.0
1.7787535489888486 0.0
1.7790232378878044 0.0
1.7802073058284669 0.0
1.78045622765571 0.0
1.7805178390444003 0.0
1.7806690225577981 0.0
1.7808110666957508 0.0
1.7812384489555035 0.0
1.78123951808948 0.0
1.781371326138389 0.0
1.7816812646440738 0.0
1.7828052249884516 0.0
1.7837831987153379 0.0
1.7847186943652515 0.0
1.7847551594373199 0.0
1.7848316981982701 0.0
1.7849002191029195 0.0
1.7853280986334028 0.0
1.7890102444486926 0.0
1.789657715781123 0.0
1.7920521935696276 0.0
1.7920563918431993 0.0
1.792419463760321 0.0
1.7924526239930847 0.0
1.7934895051418362 0.0
1.7945299853157926 0.0
1.7946334302539309 0.0
1.7948365960794808 0.0
1.7954032405531926 0.0
1.7954610092770693 0.0
1.7957399000442558 0.0
1.7963686114380142 0.0
1.7963728608169767 0.0
1.7964760887451594 0.0
1.797453286450909 0.0
1.7977048078337774 0.0
1.799711102939947 0.0
1.79976092925968 0.0
1.8021630391746417 0.0
1.8022966820428736 0.0
1.8028292342566508 0.0
1.8038067506738498 0.0
1.804150819248033 0.0
1.8045803231148299 0.0
1.8048419308534893 0.0
1.8050839017917018 0.0
1.8054794156306575 0.0
1.8054841192175368 0.0
1.8084694265190777 0.0
1.8086636027885146 0.0
1.808939178256445 0.0
1.809993810465972 0.0
1.8104901967800098 0.0
1.8106432951551976 0.0
1.810815285337737 0.0
1.8111344651429697 0.0
1.8116841305489033 0.0
1.8128960743061295 0.0
1.813111923956946 0.0
1.813153363189718 0.0
1.8132274371963508 0.0
1.8132444213184584 0.0
1.8136207551788395 0.0
1.8153346291126715 0.0
1.8166337361173976 0.0
1.8167061646286513 0.0
1.8169440566715103 0.0
1.8170693840109005 0.0
1.817966795667806 0.0
1.8180872425641479 0.0
1.8185590242910792 0.0
1.819003590266931 0.0
1.819375529438063 0.0
1.82021723564059 0.0
1.8205413947725808 0.0
1.820627926165376 0.0
1.8215710339886388 0.0
1.8220192083793685 0.0
1.8230493102065688 0.0
1.8232177445418474 0.0
1.8240410670801932 0.0
1.8256793733293843 0.0
1.8285257795006369 0.0
1.828931655159057 0.0
1.8289549929221944 0.0
1.830342667053426 0.0
1.8303944133878813 0.0
1.830902218954992 0.0
1.8313095058076247 0.0
1.8315233498731436 0.0
1.832369379204661 0.0
1.8334624541938127 0.0
1.8350378015610567 0.0
1.8354016368122952 0.0
1.8356500948856818 0.0
1.8356963809371842 0.0
1.8361071828477464 0.0
1.8361946968613128 0.0
1.8362848358401707 0.0
1.8365403348652003 0.0
1.836674923954773 0.0
1.838260516567258 0.0
1.8385696668839067 0.0
1.839016159161752 0.0
1.8405972289587336 0.0
1.8406801290957566 0.0
1.840814996804717 0.0
1.842343050446559 0.0
1.8430880825518825 0.0
1.8449880643102037 0.0
1.8455395014911433 0.0
1.8463379572426712 0.0
1.8471157981846493 0.0
1.8472218318019602 0.0
1.8472385591273581 0.0
1.8474043126485327 0.0
1.8474207607816344 0.0
1.8487818275707242 0.0
1.8490110428280038 0.0
1.8493589848093208 0.0
1.849568920739394 0.0
1.8496494638227756 0.0
1.8497816643120502 0.0
1.8498562003889807 0.0
1.850129232318765 0.0
1.8503754075015377 0.0
1.8507028039370474 0.0
1.8512849819590507 0.0
1.8514166194212867 0.0
1.8517241798610287 0.0
1.8526981280497037 0.0
1.8528182522014465 0.0
1.8532937322877603 0.0
1.8533794460155857 0.0
1.8534945863434245 0.0
1.8540093812714242 0.0
1.8541287903312205 0.0
1.8565397348489843 0.0
1.856598864200052 0.0
1.857946871077683 0.0
1.8579544399820727 0.0
1.8580199366240178 0.0
1.8580703938813485 0.0
1.85873502232975 0.0
1.8588873330390085 0.0
1.8592183249113292 0.0
1.8595873005191228 0.0
1.8598537393685977 0.0
1.8611754308987387 0.0
1.8614230108200607 0.0
1.8617588249977104 0.0
1.8618144178361 0.0
1.8622077729481112 0.0
1.863169050249835 0.0
1.8640447174986463 0.0
1.8643763206967614 0.0
1.8648235401155908 0.0
1.8651306353101262 0.0
1.8662971849397654 0.0
1.866313880560807 0.0
1.8663340725606727 0.0
1.8668950846504833 0.0
1.867021655818577 0.0
1.867034518429684 0.0
1.8671918237974074 0.0
1.867819133646276 0.0
1.8685371164516322 0.0
1.868568591175777 0.0
1.869022674374261 0.0
1.869411191296913 0.0
1.8698658489322486 0.0
1.869902701840372 0.0
1.8699777196190661 0.0
1.8702095818886662 0.0
1.8704464069964095 0.0
1.8705293216726775 0.0
1.8707846379674795 0.0
1.8710485244007051 0.0
1.8713991242636545 0.0
1.871769010809454 0.0
1.872193726288022 0.0
1.8725221837305577 0.0
1.8725465526558807 0.0
1.8735493669174763 0.0
1.8741099086103563 0.0
1.8751075945405606 0.0
1.8752217309187773 0.0
1.8753931939301989 0.0
1.8760396144993403 0.0
1.8761631514876662 0.0
1.876714057502944 0.0
1.87675391084732 0.0
1.8769760239455229 0.0
1.877044183378821 0.0
1.8772214886215433 0.0
1.8774338330738913 0.0
1.8775772727810662 0.0
1.8779368032046349 0.0
1.8782099076398684 0.0
1.8782580311737416 0.0
1.878292886334368 0.0
1.8790381662462445 0.0
1.8793001684284536 0.0
1.8797108690453332 0.0
1.8797672924721602 0.0
1.8808353856925117 0.0
1.881215205876962 0.0
1.8812651055955965 0.0
1.8813766259547589 0.0
1.882949997693787 0.0
1.8831480793764594 0.0
1.8831491706236332 0.0
1.8837107978978724 0.0
1.883867246096242 0.0
1.8840918666555282 0.0
1.8842360894211154 0.0
1.8847410801816487 0.0
1.8853833817985932 0.0
1.8854877470159526 0.0
1.8855388219517533 0.0
1.8856191316131548 0.0
1.8860734514045008 0.0
1.8873898031998162 0.0
1.8876123107591254 0.0
1.8878377281340533 0.0
1.8878896700660892 0.0
1.8879696904654102 0.0
1.8880256131290272 0.0
1.8886528091691668 0.0
1.8888141936028957 0.0
1.8888625124465872 0.0
1.8888700995183667 0.0
1.8889263179446245 0.0
1.8891902623264827 0.0
1.8893153518816856 0.0
1.8893762223820636 0.0
1.8893853543508008 0.0
1.8895042133945255 0.0
1.889579869552793 0.0
1.8899161370415185 0.0
1.890078533043374 0.0
1.8906281474099995 0.0
1.8908277530561344 0.0
1.890903760940054 0.0
1.8909425113695713 0.0
1.89156048459751 0.0
1.8916126048836144 0.0
1.8919556580836674 0.0
1.8923705147760492 0.0
1.8924857447340333 0.0
1.8926295925110628 0.0
1.8928341098698118 0.0
1.892866824633894 0.0
1.8937916836248014 0.0
1.8939543795198572 0.0
1.894074121382143 0.0
1.8941082850495787 0.0
1.894122661733518 0.0
1.8943499300825335 0.0
1.8949404023507723 0.0
1.8957223521348654 0.0
1.8957576540421648 0.0
1.896249864737631 0.0
1.8967186148497521 0.0
1.8969613128221376 0.0
1.89717496615492 0.0
1.8973135590787327 0.0
1.8973369797189132 0.0
1.8974330879590753 0.0
1.8975737023169812 0.0
1.8976783119162612 0.0
1.8980863175245777 0.0
1.8989666405931576 0.0
1.8994558554112215 0.0
1.90070968457138 0.0
1.9008722457318707 0.0
1.900925834418726 0.0
1.9011387419823358 0.0
1.9014068329297287 0.0
1.9019587478026951 0.0
1.902321190001632 0.0
1.9026409141614902 0.0
1.9037218623543017 0.0
1.9037438737270187 0.0
1.9045791656130449 0.0
1.9046156405248076 0.0
1.9055538475524016 0.0
1.905559957758786 0.0
1.905701866691996 0.0
1.9057373470081382 0.0
1.9060929011697627 0.0
1.906166083958526 0.0
1.906166705867763 0.0
1.906330505700271 0.0
1.9065952940449322 0.0
1.9067315036731052 0.0
1.907221589180891 0.0
1.9073746116518147 0.0
1.9073960567713992 0.0
1.9074638259579944 0.0
1.9075016874527904 0.0
1.907805880940834 0.0
1.9079162202091302 0.0
1.9082237950441316 0.0
1.9082323784728548 0.0
1.9087399094485598 0.0
1.9089207593970352 0.0
1.9092032707997277 0.0
1.9093598644689462 0.0
1.909405983216617 0.0
1.9094059960791365 0.0
1.9095096595589336 0.0
1.9096931176305785 0.0
1.9100702163113448 0.0
1.9102322676238839 0.0
1.9103252992803312 0.0
1.9103675867926084 0.0
1.9108146189902275 0.0
1.910965956251572 0.0
1.9110228709584522 0.0
1.9117048984787113 0.0
1.9125127067628318 0.0
1.9127464435880939 0.0
1.9130650116460963 0.0
1.9131601513470404 0.0
1.913857261081421 0.0
1.9138947857525397 0.0
1.914036761825281 0.0
1.9140599899597954 0.0
1.914316153917241 0.0
1.915016542039872 0.0
1.9151315764161745 0.0
1.9152035810317527 0.0
1.9153774209435996 0.0
1.9156261272554496 0.0
1.915799607329622 0.0
1.9160894842377685 0.0
1.9161933298098406 0.0
1.916267390186806 0.0
1.916343958701415 0.0
1.9165464712962015 0.0
1.9167571729860509 0.0
1.917200642679654 0.0
1.9172294964734238 0.0
1.917443495690098 0.0
1.9179055194525445 0.0
1.9194341635717236 0.0
1.919724788083689 0.0
1.919989393876489 0.0
1.9203065155226027 0.0
1.9216492911354977 0.0
1.9224543962402545 0.0
1.9225396105668529 0.0
1.9231129925043124 0.0
1.923233069638945 0.0
1.9236130058496808 0.0
1.924767948406447 0.0
1.9249662609666636 0.0
1.9249957764495969 0.0
1.9251335530518328 0.0
1.9251726726736411 0.0
1.9262632788849179 0.0
1.9265190197403397 0.0
1.9267975467577914 0.0
1.9269940096942926 0.0
1.9272034589221996 0.0
1.927879820130651 0.0
1.928063375230083 0.0
1.928679945747404 0.0
1.928959032034669 0.0
1.9291995646302695 0.0
1.9294476581505804 0.0
1.9295322187949133 0.0
1.9299279954247783 0.0
1.9302868819858394 0.0
1.9308469004116784 0.0
1.9313893806399793 0.0
1.931484309903276 0.0
1.9319751532625853 0.0
1.9321388969614854 0.0
1.9325299473865054 0.0
1.9327723789517968 0.0
1.9328882387883597 0.0
1.933354062951172 0.0
1.9335815886119265 0.0
1.933868156978694 0.0
1.9342835193432688 0.0
1.9349106250912742 0.0
1.9354257596366018 0.0
1.9375122702139238 0.0
1.9378332264535585 0.0
1.938707621216793 0.0
1.9391970071417808 0.0
1.9393889305952021 0.0
1.9393894086651104 0.0
1.939708058370783 0.0
1.9397321836297545 0.0
1.9400891081120866 0.0
1.94118732823353 0.0
1.9414450081135626 0.0
1.941525941231292 0.0
1.9415374113614616 0.0
1.9427406930633273 0.0
1.9427627220842376 0.0
1.9433205177860138 0.0
1.9434832557806243 0.0
1.9442253575468744 0.0
1.944653524022674 0.0
1.945924743933072 0.0
1.9459267308562624 0.0
1.9461694546928965 0.0
1.9462020726190787 0.0
1.946640752604148 0.0
1.946697360740996 0.0
1.9472504234706995 0.0
1.9477073804582083 0.0
1.9483706565812642 0.0
1.9486265258585873 0.0
1.9501627459655297 0.0
1.9512084796668618 0.0
1.9516132109235373 0.0
1.9516582358614483 0.0
1.9519167468636593 0.0
1.9519244988710736 0.0
1.9521988917927873 0.0
1.9524966506978352 0.0
1.9530683358466518 0.0
1.953610770533542 0.0
1.953748439275238 0.0
1.9540268197257424 0.0
1.9549437619164363 0.0
1.9551020185726242 0.0
1.955386432047008 0.0
1.9556203273779897 0.0
1.9561214989617408 0.0
1.957723364074245 0.0
1.9579426915959486 0.0
1.9585032161253522 0.0
1.958861215654676 0.0
1.961400230987329 0.0
1.9617915786501259 0.0
1.9620593948552063 0.0
1.9621750872306798 0.0
1.9627370096525094 0.0
1.9628689622914322 0.0
1.9628822808355328 0.0
1.962974208239676 0.0
1.963945369564315 0.0
1.9641190890712332 0.0
1.9648718184808491 0.0
1.9651307790082595 0.0
1.96559383370703 0.0
1.965709130894532 0.0
1.9660682676468193 0.0
1.9670094484295224 0.0
1.9672813790175607 0.0
1.96752310493672 0.0
1.9676434038969621 0.0
1.967688177762137 0.0
1.968318187080964 0.0
1.9688174205270628 0.0
1.9690098356222128 0.0
1.9695379179456964 0.0
1.9705333953908792 0.0
1.9709677957529215 0.0
1.9720141091774508 0.0
1.972497913555627 0.0
1.9726485252600967 0.0
1.9734846946021072 0.0
1.9736761815486905 0.0
1.9745991383210744 0.0
1.9750490688176046 0.0
1.9753565977943535 0.0
1.9763540728260665 0.0
1.9767032702283045 0.0
1.9768744447698114 0.0
1.9770171162788128 0.0
1.9770928248667672 0.0
1.9774467101156026 0.0
1.9775081474866352 0.0
1.977542712379407 0.0
1.9776606652413338 0.0
1.9782024405222671 0.0
1.980412241414083 0.0
1.98164132283916 0.0
1.9820293326509983 0.0
1.9821667232775353 0.0
1.9823663192046375 0.0
1.9825920591216932 0.0
1.982710112285959 0.0
1.9830996861876284 0.0
1.983221883952779 0.0
1.9833491039123565 0.0
1.983382554592592 0.0
1.9834967105953292 0.0
1.9835745288697733 0.0
1.9842061445619634 0.0
1.985136551164799 0.0
1.985344227714836 0.0
1.9861533200208952 0.0
1.9864917683720522 0.0
1.9865864515293497 0.0
1.986709648568532 0.0
1.9874225959682494 0.0
1.9877654272287568 0.0
1.9879020556166345 0.0
1.9881235744233239 0.0
1.9887053841151856 0.0
1.989095656097669 0.0
1.98926681031532 0.0
1.9901779355862532 0.0
1.9904914887777596 0.0
1.99057331526587 0.0
1.9907689397367274 0.0
1.991159047152388 0.0
1.9912003745274494 0.0
1.9914392749375585 0.0
1.9914764181196796 0.0
1.9915026361220511 0.0
1.99161599695747 0.0
1.9916311400639268 0.0
1.9921952920682195 0.0
1.9923712535331572 0.0
1.99278149777218 0.0
1.9930070958561685 0.0
1.9932903442363539 0.0
1.993422662404128 0.0
1.993455982513727 0.0
1.9940098894284393 0.0
1.9947935407856237 0.0
1.9954105980877146 0.0
1.9955436227359797 0.0
1.9957732418143395 0.0
1.9958388106870082 0.0
1.995970916442664 0.0
1.9960176999830437 0.0
1.9963938092793023 0.0
1.996467670016298 0.0
1.9972101236579718 0.0
1.9981697752922674 0.0
1.9985202363293384 0.0
1.9990269479371112 0.0
1.9994090817694072 0.0
2.00051134172889 0.0
2.000864005757706 0.0
2.0009097536630978 0.0
2.0010453050708708 0.0
2.0014357627098645 0.0
2.001863226033149 0.0
2.0019137958056015 0.0
2.002189411302071 0.0
2.002254511476111 0.0
2.0028057298452753 0.0
2.003339614354012 0.0
2.00368784069131 0.0
2.004028436520769 0.0
2.0043254677980378 0.0
2.004437268333982 0.0
2.0044678900561506 0.0
2.0052804428498976 0.0
2.005937851638539 0.0
2.0063180744734206 0.0
2.0066381736010253 0.0
2.006818596165034 0.0
2.0078283404914656 0.0
2.008342803159599 0.0
2.0087998368438074 0.0
2.0097521195556016 0.0
2.010453955725285 0.0
2.0104548115306478 0.0
2.0110199922617125 0.0
2.0110303332113193 0.0
2.01126079625517 0.0
2.0115441386427286 0.0
2.011619881626771 0.0
2.0116802120242316 0.0
2.0123332676055252 0.0
2.0128072958078627 0.0
2.013084357532892 0.0
2.0131377449676116 0.0
2.013788486710187 0.0
2.014598147602792 0.0
2.0153485730860354 0.0
2.015434565583461 0.0
2.015575963175369 0.0
2.0156704907167247 0.0
2.016042132123578 0.0
2.0161975450246397 0.0
2.0164204698387165 0.0
2.016621061883236 0.0
2.0175540757425647 0.0
2.017926397518588 0.0
2.0181754307050515 0.0
2.0185367129875966 0.0
2.0187781472399404 0.0
2.019073628196981 0.0
2.0191072773620307 0.0
2.019115477962622 0.0
2.019427129734502 0.0
2.020778247512466 0.0
2.0208394877487312 0.0
2.021113833569829 0.0
2.022067375228906 0.0
2.022210800753988 0.0
2.022273446852251 0.0
2.0222785906731913 0.0
2.022769758100908 0.0
2.0231555495353293 0.0
2.0242428972947044 0.0
2.024466541658341 0.0
2.024568527776304 0.0
2.024933751332635 0.0
2.0254018511566376 0.0
2.0257845013969775 0.0
2.0261421568643696 0.0
2.0262269908810997 0.0
2.0263233286859457 0.0
2.026933398553209 0.0
2.0278053487939807 0.0
2.028067997384978 0.0
2.0282782352675626 0.0
2.028802794223461 0.0
2.028823203633606 0.0
2.029712798579897 0.0
2.030174773491853 0.0
2.0304597618223053 0.0
2.0304714981899137 0.0
2.0308352157768734 0.0
2.0308757680349556 0.0
2.0315028188261754 0.0
2.0319461240660956 0.0
2.0320076076739175 0.0
2.0330278882557526 0.0
2.0332228383452406 0.0
2.033245469601588 0.0
2.0337895887639545 0.0
2.033941884684297 0.0
2.0345505983078875 0.0
2.03459910260677 0.0
2.034762508608409 0.0
2.035869305813398 0.0
2.035972606111149 0.0
2.0361517156063678 0.0
2.0364291267106456 0.0
2.0365647967490617 0.0
2.038371980717009 0.0
2.038407766318811 0.0
2.038779600273736 0.0
2.039313358800296 0.0
2.0396054788334745 0.0
2.0398172068843463 0.0
2.041109535243787 0.0
2.041236833344585 0.0
2.0412383102765137 0.0
2.042065778116095 0.0
2.04279165295487 0.0
2.0429627346597607 0.0
2.043111500405661 0.0
2.0434815648064837 0.0
2.0445881873125025 0.0
2.0462051133064176 0.0
2.047487355331505 0.0
2.04769890968215 0.0
2.04799402183851 0.0
2.0480130814228654 0.0
2.0481866504477 0.0
2.0485257689665506 0.0
2.0486378449351252 0.0
2.0489680235685053 0.0
2.049052268808762 0.0
2.049225843394817 0.0
2.0502930796472683 0.0
2.050407968322929 0.0
2.0510739936619777 0.0
2.0519891611022723 0.0
2.0528391851143493 0.0
2.0532013406695913 0.0
2.053571264108988 0.0
2.053784347175558 0.0
2.05428692638116 0.0
2.055195072594291 0.0
2.055227758497367 0.0
2.0554076439725573 0.0
2.055517575203693 0.0
2.056208941251905 0.0
2.0565844959467885 0.0
2.056734171630689 0.0
2.056960356017983 0.0
2.0580543136369376 0.0
2.0582107269293224 0.0
2.0584338077727216 0.0
2.0588519122832856 0.0
2.059119406390826 0.0
2.0592616728532893 0.0
2.05968141874422 0.0
2.0603183853197136 0.0
2.0603594178888947 0.0
2.0605118047532835 0.0
2.060611498436197 0.0
2.0606243283016465 0.0
2.060652807888796 0.0
2.0607376743630934 0.0
2.0607555653355947 0.0
2.060805817524522 0.0
2.06112960450575 0.0
2.0611363433466896 0.0
2.0612393411822634 0.0
2.0619616038685655 0.0
2.0625659403504475 0.0
2.063646575466887 0.0
2.063953818268292 0.0
2.0640675775204502 0.0
2.064072379430953 0.0
2.0656127802389332 0.0
2.0656409986646054 0.0
2.0664717989075667 0.0
2.066710907050735 0.0
2.067025876744095 0.0
2.0672877691929035 0.0
2.0673156194977804 0.0
2.067483159040013 0.0
2.0678737884780793 0.0
2.0679559786467805 0.0
2.068080934965963 0.0
2.0683315930271693 0.0
2.068519868039542 0.0
2.0685411987220084 0.0
2.06909318825115 0.0
2.069812282411935 0.0
2.070541334439883 0.0
2.070564494748424 0.0
2.0706029612200934 0.0
2.0706611790965206 0.0
2.0707724312804596 0.0
2.070786686789783 0.0
2.0708900551919722 0.0
2.072045598799369 0.0
2.0720683382780107 0.0
2.0724536694781692 0.0
2.0725261610100265 0.0
2.0727124980608984 0.0
2.0727719323284113 0.0
2.073083107853338 0.0
2.073643707748166 0.0
2.0736484829056465 0.0
2.07372779924015 0.0
2.0743649757659255 0.0
2.074431837120382 0.0
2.074474429923749 0.0
2.0746610044328135 0.0
2.0750651701836422 0.0
2.075078883713641 0.0
2.0751877860783843 0.0
2.075717082811818 0.0
2.075958884658226 0.0
2.0760881793594295 0.0
2.0761486430068197 0.0
2.076587531913032 0.0
2.076669798503624 0.0
2.0767306510671006 0.0
2.0767613649101957 0.0
2.0774173932294575 0.0
2.0777696599580495 0.0
2.077860122869864 0.0
2.0780772561500083 0.0
2.0784217094106845 0.0
2.078777379011445 0.0
2.0788809268023636 0.0
2.079590578079738 0.0
2.079906302338931 0.0
2.080003664465072 0.0
2.0800759917652343 0.0
2.0814230390521016 0.0
2.081734825838593 0.0
2.081869435884379 0.0
2.0827891651381063 0.0
2.0830788620545886 0.0
2.083105306805721 0.0
2.083509468817752 0.0
2.0835383105652654 0.0
2.0835979661466735 0.0
2.083969042011706 0.0
2.084094277373926 0.0
2.0847192979009646 0.0
2.0848354915473117 0.0
2.085052678557233 0.0
2.085073907076542 0.0
2.085261107366925 0.0
2.0857714255759743 0.0
2.0858054018617875 0.0
2.086412014351356 0.0
2.0867506774528692 0.0
2.0868851936767063 0.0
2.0871213347467275 0.0
2.0875837099110535 0.0
2.087584417081535 0.0
2.0876734349302444 0.0
2.088252379951226 0.0
2.0890532502527623 0.0
2.0895258813863924 0.0
2.0895492640977134 0.0
2.0899069708947553 0.0
2.09044730402235 0.0
2.091808402752785 0.0
2.0924452264181905 0.0
2.0925732131698673 0.0
2.092643133395804 0.0
2.0927840790486614 0.0
2.092820450986376 0.0
2.092922020460045 0.0
2.093422602477641 0.0
2.0937303077787086 0.0
2.0937893596318813 0.0
2.094011789883887 0.0
2.0942385747209724 0.0
2.0943812553163865 0.0
2.0950541281357236 0.0
2.0960474420560296 0.0
2.0964592170805045 0.0
2.096929137793709 0.0
2.097490792907575 0.0
2.0976778311909428 0.0
2.0978566909798295 0.0
2.097965312344237 0.0
2.098135213697023 0.0
2.098409120204716 0.0
2.0990659030177734 0.0
2.0991192752499837 0.0
2.0994832687421128 0.0
2.0996139224432526 0.0
2.1007566896396757 0.0
2.100932201619612 0.0
2.1009943717596418 0.0
2.101505214584158 0.0
2.1016212893136577 0.0
2.102262378798677 0.0
2.1023914971400504 0.0
2.1029489049452232 0.0
2.1030777026714818 0.0
2.10322111799026 0.0
2.1032611531654126 0.0
2.1033369122504935 0.0
2.1034280352682093 0.0
2.1034752860098944 0.0
2.1035881929849922 0.0
2.103835295288348 0.0
2.1042558959488953 0.0
2.1043468207791007 0.0
2.10438100179109 0.0
2.1045266260811273 0.0
2.105368081090513 0.0
2.1055409059633607 0.0
2.1067334980511943 0.0
2.107076347750831 0.0
2.1073545615105442 0.0
2.1073664164883295 0.0
2.10777268959048 0.0
2.108291872816669 0.0
2.108458211602107 0.0
2.108532946712078 0.0
2.1090882784532923 0.0
2.109488799226558 0.0
2.109498091298187 0.0
2.1098391870052575 0.0
2.1104214550495817 0.0
2.1108897646173763 0.0
2.1110654470177685 0.0
2.1118393361169723 0.0
2.112732176286089 0.0
2.1127784527706255 0.0
2.1134735248551855 0.0
2.113722251781268 0.0
2.114380918623325 0.0
2.1147467708748606 0.0
2.114971853814469 0.0
2.1150895994119017 0.0
2.115175496248079 0.0
2.116278596816905 0.0
2.116612598050119 0.0
2.117232247417839 0.0
2.1183664445376555 0.0
2.1184488721328463 0.0
2.1186667087430626 0.0
2.1187363877021115 0.0
2.119190338546373 0.0
2.1195983154708395 0.0
2.119736159767049 0.0
2.120094077278979 0.0
2.1211476217911844 0.0
2.121464806836329 0.0
2.121952736862796 0.0
2.1220678664335395 0.0
2.1223571901265514 0.0
2.1227440581363033 0.0
2.122882779118795 0.0
2.123053541772579 0.0
2.123791739088033 0.0
2.1238710987282357 0.0
2.123976840945731 0.0
2.125499393254441 0.0
2.127070257814026 0.0
2.1271494488797953 0.0
2.127496939936607 0.0
2.12784586303458 0.0
2.1278735001453377 0.0
2.128089641554507 0.0
2.1282572929036827 0.0
2.1287808808337187 0.0
2.1289583137290347 0.0
2.1289802469818517 0.0
2.129098707129142 0.0
2.1291211016930545 0.0
2.1295358982142387 0.0
2.1298694300587826 0.0
2.130081351276241 0.0
2.130770008038383 0.0
2.130786706463276 0.0
2.130933057020404 0.0
2.131030104399654 0.0
2.1312962201818806 0.0
2.1314606473246567 0.0
2.1315205286304204 0.0
2.1315340184850853 0.0
2.1316572501950914 0.0
2.1330009027237944 0.0
2.1336401328309025 0.0
2.1338044120782045 0.0
2.134019548585867 0.0
2.134071993642127 0.0
2.1347079909610094 0.0
2.1350659996334937 0.0
2.136168640303346 0.0
2.1364639586788776 0.0
2.136625534998191 0.0
2.137553946713992 0.0
2.1390507998314807 0.0
2.1392196691538374 0.0
2.1398731640030664 0.0
2.1399135044063375 0.0
2.14037671528599 0.0
2.140512111362327 0.0
2.1408545626489515 0.0
2.1412026924756997 0.0
2.141827362995648 0.0
2.1420590290561057 0.0
2.1420929361695036 0.0
2.1422317903127537 0.0
2.1422905149793827 0.0
2.142393910407478 0.0
2.142642353083766 0.0
2.1436851137178436 0.0
2.143830995030473 0.0
2.1442118192834667 0.0
2.1444409374005864 0.0
2.1447963052417536 0.0
2.1448750621572357 0.0
2.145285410002932 0.0
2.1453640164771977 0.0
2.1456315318409085 0.0
2.1460051692176156 0.0
2.147054345066983 0.0
2.147272068303481 0.0
2.1473148498286823 0.0
2.1481598891173643 0.0
2.1483146910482636 0.0
2.1483688420555485 0.0
2.148702597062781 0.0
2.1491075127541373 0.0
2.1492287643454895 0.0
2.1494766466890383 0.0
2.150064977127182 0.0
2.1501058512658693 0.0
2.1501849530236115 0.0
2.1508612061567476 0.0
2.151743046198754 0.0
2.151884353399097 0.0
2.1520474912310164 0.0
2.1521148912706027 0.0
2.152325706366924 0.0
2.152547745518189 0.0
2.1526710345385807 0.0
2.152809422235882 0.0
2.1531014966724817 0.0
2.153252507982576 0.0
2.153590208395175 0.0
2.1543934850309365 0.0
2.154496844059441 0.0
2.154837550516623 0.0
2.1552572101608107 0.0
2.1553564015975644 0.0
2.155898913185326 0.0
2.156181994390832 0.0
2.1563226111813347 0.0
2.1567069167309207 0.0
2.157141310171456 0.0
2.1584976886381115 0.0
2.158555589867225 0.0
2.158688601480482 0.0
2.1588920203009474 0.0
2.1590602308287132 0.0
2.159080156573758 0.0
2.159223099765831 0.0
2.1598180792693693 0.0
2.1600120911701204 0.0
2.1606872050555674 0.0
2.1609697380616084 0.0
2.1615837877313044 0.0
2.1615865783808856 0.0
2.161803285376342 0.0
2.1618040321718324 0.0
2.1623204185283864 0.0
2.162678115245322 0.0
2.162757836539881 0.0
2.1628970746911955 0.0
2.1629733480689106 0.0
2.1631343886754224 0.0
2.163884078035516 0.0
2.164456520111967 0.0
2.164545227633586 0.0
2.1650577482100037 0.0
2.165271888382097 0.0
2.1653535991689132 0.0
2.1659040250833157 0.0
2.166079744759573 0.0
2.166217361729071 0.0
2.1665394382845844 0.0
2.1670508797306556 0.0
2.1671238610004706 0.0
2.167280703927218 0.0
2.1674007871949583 0.0
2.1678542664489253 0.0
2.167982599440169 0.0
2.1681498187012953 0.0
2.1682539544574135 0.0
2.16829159606341 0.0
2.168941339757414 0.0
2.170089057169227 0.0
2.17036035482125 0.0
2.170649901664293 0.0
2.1708004310800213 0.0
2.170957348581959 0.0
2.1710140529445825 0.0
2.171438889710587 0.0
2.1714513311393944 0.0
2.171945922325052 0.0
2.1727946428230935 0.0
2.173057145852715 0.0
2.1736437773889508 0.0
2.1743591910285165 0.0
2.1747344651406513 0.0
2.176001288569311 0.0
2.176230164609501 0.0
2.176278537939307 0.0
2.1765220537509973 0.0
2.1765854748298876 0.0
2.176656114622699 0.0
2.1768757195020436 0.0
2.1768779960770774 0.0
2.1777833511434492 0.0
2.1781742556399992 0.0
2.1794316914799006 0.0
2.179724833422983 0.0
2.1797943689778307 0.0
2.179951729224111 0.0
2.180414088515474 0.0
2.1805211120493326 0.0
2.1808858577692667 0.0
2.1809716351103923 0.0
2.181040293414907 0.0
2.1810860233466998 0.0
2.181188696356188 0.0
2.1813851104537116 0.0
2.181852266981858 0.0
2.182867730123019 0.0
2.1830470468028493 0.0
2.1833262879518123 0.0
2.1835644891630257 0.0
2.1842960288683737 0.0
2.1842977724817265 0.0
2.185620724368616 0.0
2.1856400966260074 0.0
2.1856865469277795 0.0
2.1860684324399084 0.0
2.1863428070848037 0.0
2.187227114240953 0.0
2.187529590492474 0.0
2.188307765853756 0.0
2.1883139763448787 0.0
2.1886514635256153 0.0
2.188731035121852 0.0
2.188883036509816 0.0
2.188928936649197 0.0
2.189052485150285 0.0
2.1893760877347064 0.0
2.1899462375263283 0.0
2.190275981376597 0.0
2.1905045274146473 0.0
2.1910070206653924 0.0
2.191463976708704 0.0
2.1918515487085912 0.0
2.1918890805246587 0.0
2.1932571578746085 0.0
2.193523484497587 0.0
2.1935901027611706 0.0
2.1937625183953493 0.0
2.1941620649982845 0.0
2.1942114340708 0.0
2.194618630571486 0.0
2.1953589182549695 0.0
2.1956310660486515 0.0
2.196015568500355 0.0
2.1962882639371117 0.0
2.196428131993635 0.0
2.196644149261607 0.0
2.1968917871917095 0.0
2.197075442613349 0.0
2.197127975086071 0.0
2.1976606793861353 0.0
2.1977894849900683 0.0
2.198290232550316 0.0
2.1982999540988244 0.0
2.198358614959864 0.0
2.1986457678563522 0.0
2.198728571636192 0.0
2.1992065535651832 0.0
2.199826476351527 0.0
2.2001295228596702 0.0
2.2001310030264998 0.0
2.2004667100457023 0.0
2.200555746332786 0.0
2.200919322784965 0.0
2.201099749573229 0.0
2.2020052193081563 0.0
2.202186050025775 0.0
2.20252416466304 0.0
2.2025766299880547 0.0
2.2026992120960767 0.0
2.202906033452291 0.0
2.2037675715347316 0.0
2.2043762671204417 0.0
2.2047921254523573 0.0
2.2054121534943563 0.0
2.205480015885809 0.0
2.2058800594213652 0.0
2.205884306657164 0.0
2.2061203081312843 0.0
2.2064713838292196 0.0
2.2072168121044187 0.0
2.2086328601507366 0.0
2.208968627425841 0.0
2.2103016454700195 0.0
2.210317802764502 0.0
2.210552638457589 0.0
2.2110303934657844 0.0
2.211947242812592 0.0
2.2124999952199866 0.0
2.212509742671321 0.0
2.213349863071438 0.0
2.21380598226478 0.0
2.213871068754599 0.0
2.214124670203978 0.0
2.2147919251228663 0.0
2.214880149130021 0.0
2.21505475533877 0.0
2.215414539569725 0.0
2.215685022175692 0.0
2.215779732663095 0.0
2.216099854557787 0.0
2.216126525823038 0.0
2.216615721768226 0.0
2.2169014969569356 0.0
2.217103473525159 0.0
2.217696993311291 0.0
2.2179870296112387 0.0
2.219050746155898 0.0
2.2194456919063876 0.0
2.219654513870503 0.0
2.2197399325792477 0.0
2.2201665322434807 0.0
2.2202942254043267 0.0
2.2209906997512063 0.0
2.2210899699130753 0.0
2.221098975463497 0.0
2.2211574574914588 0.0
2.221196687050143 0.0
2.2212177240366344 0.0
2.221222917590438 0.0
2.2212284788985937 0.0
2.2212857757354505 0.0
2.2214420360411027 0.0
2.2218903398808356 0.0
2.2223905110423177 0.0
2.222472285390075 0.0
2.2231348424812976 0.0
2.2233661405103096 0.0
2.2233866080801636 0.0
2.223607604001715 0.0
2.223664484865892 0.0
2.2237535068815197 0.0
2.2245562313327074 0.0
2.2248405866957968 0.0
2.224868560665165 0.0
2.2256910064498157 0.0
2.225895396157239 0.0
2.2259677396221216 0.0
2.226134905875622 0.0
2.226316116323617 0.0
2.2266345653558934 0.0
2.226879036735352 0.0
2.2269846939642695 0.0
2.2270034819592364 0.0
2.227039009490957 0.0
2.2270727788669467 0.0
2.2272144798509945 0.0
2.227437637714984 0.0
2.2277144618843416 0.0
2.2277330089133978 0.0
2.2279198394187176 0.0
2.2281247681368397 0.0
2.2282669377933986 0.0
2.2284599730805237 0.0
2.2286784463885008 0.0
2.2289150360683343 0.0
2.2289737661404976 0.0
2.2293319630702295 0.0
2.2299831472764504 0.0
2.2299896830975574 0.0
2.2300574813453204 0.0
2.2306899795781825 0.0
2.230798157229148 0.0
2.2308954177214693 0.0
2.231223448437877 0.0
2.23134869826931 0.0
2.2321270648968032 0.0
2.2321650987027093 0.0
2.232212237072997 0.0
2.2322632853981035 0.0
2.2322763793119402 0.0
2.232652862146014 0.0
2.232716633449461 0.0
2.232865249043114 0.0
2.2331014654552495 0.0
2.2331121111642824 0.0
2.2331358977630567 0.0
2.2332345124217023 0.0
2.233321540620702 0.0
2.2333538104208763 0.0
2.2333915548404444 0.0
2.233500748440358 0.0
2.233501866115782 0.0
2.233799981566182 0.0
2.23391554006801 0.0
2.2340415536518288 0.0
2.2341924588569695 0.0
2.234198659511289 0.0
2.2343760931846175 0.0
2.2346174568455512 0.0
2.234672562429212 0.0
2.2348600592982217 0.0
2.234986698181407 0.0
2.2350867531293317 0.0
2.2350878812519723 0.0
2.235317661681404 0.0
2.235375528626372 0.0
2.2354041826511404 0.0
2.235572275337355 0.0
2.2356914250779467 0.0
2.2356950791263186 0.0
2.2358586850799496 0.0
2.235900045944257 0.0
2.2359564501951703 0.0
2.236175562947352 0.0
2.2364176085889453 0.0
2.2366512614165113 0.0
2.2368601183067978 0.0
2.2369485922440133 0.0
2.236977648616671 0.0
2.2371983310688046 0.0
2.2372981210519027 0.0
2.237417804242743 0.0
2.2379272867378104 0.0
2.2379663067011384 0.0
2.237986842975954 0.0
2.2380320998698915 0.0
2.238084233101596 0.0
2.2381194493653758 0.0
2.238222002680704 0.0
2.2383332646985163 0.0
2.239317158290918 0.0
2.2393236605985383 0.0
2.2395013030304005 0.0
2.2396349345072974 0.0
2.2396364934691007 0.0
2.2396869551319463 0.0
2.2397469346410492 0.0
2.239882381243355 0.0
2.2399033459811712 0.0
2.2399604314277015 0.0
2.240015917841652 0.0
2.2400930996779174 0.0
2.2403719273236766 0.0
2.2404980416168834 0.0
2.2407123546602716 0.0
2.2409251882071946 0.0
2.241049802943377 0.0
2.241213173867427 0.0
2.2412852831902206 0.0
2.2415088066757862 0.0
2.2415771186344005 0.0
2.2416816307357936 0.0
2.241984713158526 0.0
2.242191443617059 0.0
2.242521541421548 0.0
2.242579125372776 0.0
2.2430137042812692 0.0
2.2431013878259507 0.0
2.24315564760882 0.0
2.2436431995009887 0.0
2.243646124630811 0.0
2.2437287044221774 0.0
2.244140336689884 0.0
2.244946513977765 0.0
2.2454891190979014 0.0
2.245672666388256 0.0
2.245831318798481 0.0
2.2459027731116623 0.0
2.245923935915987 0.0
2.24597026900247 0.0
2.2460787966709046 0.0
2.2462798119853282 0.0
2.2466177574125106 0.0
2.2469950843661586 0.0
2.2470696122165688 0.0
2.247130749775617 0.0
2.247221485473057 0.0
2.247274494148285 0.0
2.24792154490889 0.0
2.248012351353141 0.0
2.2483977124287002 0.0
2.2485014680882847 0.0
2.2485813403688764 0.0
2.248648597588123 0.0
2.2486736074499003 0.0
2.2489582652182927 0.0
2.24901666749166 0.0
2.249020346673494 0.0
2.2494074020463777 0.0
2.249543278957067 0.0
2.249571101551895 0.0
2.249906025931089 0.0
2.2503330086541555 0.0
2.2505827322668663 0.0
2.250960217824452 0.0
2.250994349650781 0.0
2.251321448784749 0.0
2.2513583916170585 0.0
2.25137044016093 0.0
2.2515514561010637 0.0
2.251602916385498 0.0
2.253074025089655 0.0
2.2532750153521186 0.0
2.253719984414247 0.0
2.2537847415610357 0.0
2.254037990598216 0.0
2.2541762927832547 0.0
2.25449025414434 0.0
2.254498497487493 0.0
2.2546566614337595 0.0
2.25500229160671 0.0
2.2551814768355554 0.0
2.2551883482490616 0.0
2.2552722381226267 0.0
2.255559802350299 0.0
2.2565185644400074 0.0
2.2571167616556567 0.0
2.2573770047964468 0.0
2.2573811568018627 0.0
2.2586219059196835 0.0
2.2602618173972755 0.0
2.260385993771756 0.0
2.260394800359852 0.0
2.2612588568189436 0.0
2.2614643099333014 0.0
2.261499106523821 0.0
2.2616709295885857 0.0
2.2617160792356628 0.0
2.261845186633942 0.0
2.262001907519924 0.0
2.2621215286671825 0.0
2.2624732834700794 0.0
2.2625443234374445 0.0
2.262693965272483 0.0
2.2629082217719136 0.0
2.2634261472334596 0.0
2.2642470789966183 0.0
2.2642899972326234 0.0
2.264389291856889 0.0
2.2644054769667052 0.0
2.2648273535535783 0.0
2.264931934599795 0.0
2.265114133140982 0.0
2.2653559233046554 0.0
2.2665846712146362 0.0
2.266803368692688 0.0
2.267524428438769 0.0
2.267701541770691 0.0
2.267728396818398 0.0
2.2677530827456827 0.0
2.2678096464841198 0.0
2.2686550847093376 0.0
2.2688119488656238 0.0
2.269069052346568 0.0
2.2691642597954496 0.0
2.2695489693004003 0.0
2.271099407528738 0.0
2.2711179662581826 0.0
2.2711481282768147 0.0
2.271244804286605 0.0
2.2717648428560198 0.0
2.2719600142867202 0.0
2.272007015927213 0.0
2.2723638863218327 0.0
2.273023037562245 0.0
2.2733722067141935 0.0
2.273672784174117 0.0
2.273934495789539 0.0
2.2742732115412605 0.0
2.2745081754070777 0.0
2.274510443330838 0.0
2.274596387923772 0.0
2.274683840356902 0.0
2.2751997461629854 0.0
2.275249284777408 0.0
2.275364885648196 0.0
2.2754490829951877 0.0
2.2757635879569817 0.0
2.275812705585462 0.0
2.275881846280556 0.0
2.2761349841586647 0.0
2.2765298565250798 0.0
2.2765911344162775 0.0
2.2765965597816784 0.0
2.276725902366932 0.0
2.2767489760744253 0.0
2.2767492318140845 0.0
2.2769154852198286 0.0
2.276950284159825 0.0
2.2770119441672922 0.0
2.277122236479328 0.0
2.2772633721515807 0.0
2.2773493709400947 0.0
2.277488454180145 0.0
2.2777290318565386 0.0
2.278069166709049 0.0
2.278100607920616 0.0
2.278132944339375 0.0
2.278450482247007 0.0
2.2788906326347655 0.0
2.2791471109416706 0.0
2.2793802532141823 0.0
2.279429812229429 0.0
2.2794946570090704 0.0
2.2809705060193686 0.0
2.281025238887867 0.0
2.2819429981390535 0.0
2.282247016582995 0.0
2.2826363236592497 0.0
2.2834309999285756 0.0
2.283507208037435 0.0
2.2835579204050886 0.0
2.283831381094695 0.0
2.2840158680947886 0.0
2.2840198863283674 0.0
2.284869473232776 0.0
2.2849224632258522 0.0
2.2853207350879208 0.0
2.2854460124801155 0.0
2.285734662438799 0.0
2.286204171992203 0.0
2.2863065126313984 0.0
2.2865519386016713 0.0
2.2866750098889983 0.0
2.287277696920724 0.0
2.2876052596197862 0.0
2.2879772470150908 0.0
2.288065763279218 0.0
2.28844122955546 0.0
2.2886076798089547 0.0
2.2886364049934347 0.0
2.288840976696366 0.0
2.289162147014272 0.0
2.2892121640113237 0.0
2.2892936009561944 0.0
2.2901430599253305 0.0
2.2903048294690675 0.0
2.29042720156941 0.0
2.291123477240008 0.0
2.291181451704109 0.0
2.291539308720338 0.0
2.292018958305678 0.0
2.29229639502963 0.0
2.292493346579156 0.0
2.292640529382587 0.0
2.293294816604184 0.0
2.2941368921701293 0.0
2.2943853486955437 0.0
2.2945811165478855 0.0
2.2946293663807866 0.0
2.2951209313691368 0.0
2.2958149032583077 0.0
2.2959728378939754 0.0
2.296487519720215 0.0
2.2968219733766304 0.0
2.2970219412303265 0.0
2.29704231961192 0.0
2.297074292937335 0.0
2.2972980930210833 0.0
2.297435715960525 0.0
2.297663109705143 0.0
2.2981438602044073 0.0
2.298215106980841 0.0
2.298819746803475 0.0
2.299061098491771 0.0
2.2992310195061294 0.0
2.299269447949324 0.0
2.2997801361694816 0.0
2.299977800925482 0.0
2.2999880820108016 0.0
2.3003198447831172 0.0
2.30033469416797 0.0
2.3003719800676987 0.0
2.3004005214126484 0.0
2.300662088776692 0.0
2.300715809044191 0.0
2.3009284755066366 0.0
2.301157721387631 0.0
2.3011941403444487 0.0
2.3015973429257475 0.0
2.301720337646856 0.0
2.3018643240054324 0.0
2.302280278334283 0.0
2.302425449086538 0.0
2.3025535269518294 0.0
2.3033009896021905 0.0
2.3037791139767094 0.0
2.3040960500876633 0.0
2.3045692558714226 0.0
2.3048367690616445 0.0
2.304850234242498 0.0
2.3055776321913504 0.0
2.3057009044643904 0.0
2.305983410615355 0.0
2.30623457921736 0.0
2.3068423476329585 0.0
2.306995854174718 0.0
2.307270236283482 0.0
2.3075808994060645 0.0
2.3082606221556006 0.0
2.3083576133852466 0.0
2.3086293881613877 0.0
2.3087983659371627 0.0
2.309164578478511 0.0
2.3097877003151117 0.0
2.3101555353488306 0.0
2.310234781415409 0.0
2.3102633051176262 0.0
2.3108680918656233 0.0
2.3114392625267266 0.0
2.3121237755491646 0.0
2.312184319422473 0.0
2.312214416662637 0.0
2.312341194567976 0.0
2.3124682787972737 0.0
2.3125645073091166 0.0
2.3133247589081614 0.0
2.3135833961890118 0.0
2.3138060798975286 0.0
2.3138504257676225 0.0
2.3139658464872825 0.0
2.314252493509196 0.0
2.3145391159641577 0.0
2.3145966287457966 0.0
2.3147389549880457 0.0
2.315393484393508 0.0
2.3156616576706712 0.0
2.3158816898585877 0.0
2.3158932269923205 0.0
2.3159793415486067 0.0
2.316378236189379 0.0
2.31665548997988 0.0
2.316660832992099 0.0
2.3168852581596755 0.0
2.3169492023100537 0.0
2.3170737143702977 0.0
2.3176848443307185 0.0
2.3178120372959254 0.0
2.317860032206434 0.0
2.3178958260714455 0.0
2.3180464625719703 0.0
2.318222117368074 0.0
2.3186384212379396 0.0
2.3190795963559143 0.0
2.3193996076857375 0.0
2.3202457782188226 0.0
2.3204208489902998 0.0
2.3206059929342784 0.0
2.3207138587704113 0.0
2.3207317288381546 0.0
2.3207641036365274 0.0
2.32167737289709 0.0
2.3221703113819907 0.0
2.322303637550144 0.0
2.32268018283228 0.0
2.323059543366693 0.0
2.3238289035761546 0.0
2.324088367577632 0.0
2.324297036507637 0.0
2.3243942628674907 0.0
2.3245559890966536 0.0
2.325114552913785 0.0
2.3252594698735387 0.0
2.3255825591875046 0.0
2.32567332104354 0.0
2.3261632363852454 0.0
2.326225626945561 0.0
2.3262564880980796 0.0
2.326678291944835 0.0
2.3271767711055142 0.0
2.3272175508680424 0.0
2.3278311252989625 0.0
2.328236915670645 0.0
2.3289357881501807 0.0
2.3290141555275783 0.0
2.3290706539902684 0.0
2.3291455093712505 0.0
2.330041397589372 0.0
2.3300835913965003 0.0
2.3305912719859134 0.0
2.3306194220373153 0.0
2.3308839426415022 0.0
2.3309572314740152 0.0
2.3312251120017433 0.0
2.3316363298165483 0.0
2.3320671855288784 0.0
2.3324988542259173 0.0
2.33277827587666 0.0
2.3328876308910456 0.0
2.333166477185872 0.0
2.333414875013697 0.0
2.3337628029689066 0.0
2.33391240099843 0.0
2.334223430820943 0.0
2.3343436033566243 0.0
2.3344781311214127 0.0
2.334649393079562 0.0
2.3346497751641793 0.0
2.335029784967382 0.0
2.335034487719898 0.0
2.335181919019992 0.0
2.33522788082498 0.0
2.335307437399316 0.0
2.3353689911219164 0.0
2.3355573947382124 0.0
2.3358874955179356 0.0
2.336040222625973 0.0
2.336298310942737 0.0
2.336316147711989 0.0
2.336897929793375 0.0
2.3369636395446154 0.0
2.337113652651455 0.0
2.337451060343694 0.0
2.3376463778732455 0.0
2.3381349680310826 0.0
2.3388776303021057 0.0
2.338960451503279 0.0
2.3391135726062506 0.0
2.339226657180008 0.0
2.33963357754481 0.0
2.339664681923126 0.0
2.3400794811385297 0.0
2.3402971035078965 0.0
2.3404434944781958 0.0
2.340714825487223 0.0
2.3411202606380956 0.0
2.3414432024743266 0.0
2.342786433096455 0.0
2.3430231244332127 0.0
2.3430331643094062 0.0
2.3430951931680033 0.0
2.343514677457041 0.0
2.3435914477526096 0.0
2.343743935842305 0.0
2.343771272239696 0.0
2.343898303562367 0.0
2.343960077743334 0.0
2.344018892909799 0.0
2.344127886475922 0.0
2.344577075539365 0.0
2.3447041040997654 0.0
2.3447372565194184 0.0
2.3447469876075284 0.0
2.344762790124633 0.0
2.3449239932746133 0.0
2.3449621231201827 0.0
2.345021785920987 0.0
2.3456998381500527 0.0
2.3458921679532834 0.0
2.3461838473208467 0.0
2.346306179523748 0.0
2.34645017115133 0.0
2.346534757054337 0.0
2.3470396742169997 0.0
2.347092813698459 0.0
2.3471178846624605 0.0
2.347402658109536 0.0
2.3474710680606714 0.0
2.347938584142145 0.0
2.3480073184007844 0.0
2.348058162389142 0.0
2.3484563974486647 0.0
2.3484820865502134 0.0
2.348561908145704 0.0
2.3485781955955343 0.0
2.348736341711355 0.0
2.348802285937943 0.0
2.348840044895841 0.0
2.3488518165702827 0.0
2.3488611513860165 0.0
2.3492217928331134 0.0
2.3493180275773686 0.0
2.3502000439797017 0.0
2.350291581085394 0.0
2.3504884542680484 0.0
2.3516103057890207 0.0
2.351723028940202 0.0
2.3518350687678518 0.0
2.351908330011728 0.0
2.352011545195957 0.0
2.3525287610992134 0.0
2.3525688882750675 0.0
2.3534619571937196 0.0
2.353486874098931 0.0
2.353520441496186 0.0
2.353593312103985 0.0
2.353658006313419 0.0
2.3542837759670547 0.0
2.354424145616531 0.0
2.3547006106063275 0.0
2.3549296743433996 0.0
2.355107797443597 0.0
2.355229586759449 0.0
2.355381334509215 0.0
2.355667547318519 0.0
2.355837628460621 0.0
2.3566478871376293 0.0
2.357373236684784 0.0
2.3584090535367026 0.0
2.3585357568985246 0.0
2.358773756531419 0.0
2.359260265876856 0.0
2.3593217564801914 0.0
2.3599171353010377 0.0
2.3600565538878846 0.0
2.360061893767076 0.0
2.3603200352185043 0.0
2.3603708669727768 0.0
2.360639986269053 0.0
2.3607760651426353 0.0
2.3608480352893415 0.0
2.3608826701619097 0.0
2.3613365347964077 0.0
2.3615646545658526 0.0
2.361645810499069 0.0
2.362033231242569 0.0
2.362041291954402 0.0
2.3624272908918673 0.0
2.3627224495357297 0.0
2.36282364586868 0.0
2.3635849010528713 0.0
2.3636119259980073 0.0
2.3640244122736336 0.0
2.3645018752133837 0.0
2.36476487289139 0.0
2.364925357260297 0.0
2.365182465199211 0.0
2.3655235648419612 0.0
2.3658523982991677 0.0
2.366232514469757 0.0
2.3664568266515045 0.0
2.366746275579764 0.0
2.3672355817602813 0.0
2.3672525631119865 0.0
2.3674296237374763 0.0
2.367655642645657 0.0
2.3676968193346153 0.0
2.368172303132406 0.0
2.368554370260997 0.0
2.368717646641278 0.0
2.368826875870624 0.0
2.369161389824471 0.0
2.369421837990154 0.0
2.3695619003623327 0.0
2.369741150834663 0.0
2.370039551498406 0.0
2.3702472179447764 0.0
2.3702881308591692 0.0
2.370636472843684 0.0
2.370877545492686 0.0
2.370910329996637 0.0
2.371394206340458 0.0
2.371515254398705 0.0
2.371535923148338 0.0
2.372573982482451 0.0
2.3727696042895943 0.0
2.3728725305380487 0.0
2.373106417407171 0.0
2.3731572740647873 0.0
2.3733076764902403 0.0
2.3733649270259236 0.0
2.373898330412202 0.0
2.3739567042734686 0.0
2.3741817274101753 0.0
2.374381504283054 0.0
2.3744320223819657 0.0
2.375075949224538 0.0
2.375199208477151 0.0
2.3753565428163776 0.0
2.3754131042912734 0.0
2.3757545458559615 0.0
2.375782861061218 0.0
2.3758219657990916 0.0
2.3758586632000287 0.0
2.375880828299934 0.0
2.3759940287036434 0.0
2.376040594475064 0.0
2.3761574503325935 0.0
2.376351991027702 0.0
2.3764552344966283 0.0
2.376613776493751 0.0
2.376758839887306 0.0
2.3768898323044945 0.0
2.376929845834914 0.0
2.377467078659019 0.0
2.3777530549531867 0.0
2.3778253210608122 0.0
2.377990443350301 0.0
2.3782055976034946 0.0
2.378230551982363 0.0
2.378265958288908 0.0
2.3783205785186743 0.0
2.3783480337335448 0.0
2.378510999315023 0.0
2.378737901884532 0.0
2.378862289104054 0.0
2.3790335474885005 0.0
2.3790344661964133 0.0
2.3791295860850696 0.0
2.3795174899185296 0.0
2.3797762131817137 0.0
2.3798077457653424 0.0
2.3801356226508705 0.0
2.38034489